Enter M:
Enter N:
Enter K:
Enter K2:
   6   0   1   2   5
   6   6   1   1   5
   5   0   5   3   6
   2   1   0   5   2
   1   2   1   4   1

Столбец:2
Произведение 0 столбцов:360
Произведение 1 столбцов:0
Произведение 2 столбцов:0
Произведение 3 столбцов:120
Произведение 4 столбцов:300

сумма = 19
произведение = 180
максимальный среди минимальных:1

  6  6  1  1  5
  6  0  1  2  5
  5  0  5  3  6
  2  1  0  5  2
  1  2  1  4  1

  6  6  1  1  5
  5  0  5  3  6
  2  1  0  5  2
  1  2  1  4  1

  6  6  1  1  5
  0  0  1  2  5
  0  0  5  3  6
  0  0  0  5  2
  0  0  0  0  1
