4
9
12
46
48
84
97
120
141
144
165
167
172
179
180
193
218
253
258
260
326
334
382
395
402
403
419
437
462
465
485
495
537
588
646
651
672
689
691
715
718
727
741
749
751
781
823
878
925
954
959
960
967
992
1000
1015
1036
1048
1104
1133
1145
1155
1177
1194
1198
1206
1224
1228
1247
1249
1250
1254
1261
1305
1331
1357
1377
1378
1384
1414
1464
1495
1505
1527
1562
1571
1601
1608
1612
1615
1619
1652
1689
1713
1721
1765
1794
1829
1833
1852
1882
1898
1911
1917
1924
1931
1941
1955
1978
2061
2086
2090
2127
2150
2155
2239
2241
2280
2352
2395
2402
2422
2426
2443
2463
2476
2480
2495
2499
2542
2555
2581
2613
2614
2636
2648
2662
2666
2682
2750
2751
2797
2798
2801
2805
2807
2815
2856
2882
2890
2891
2900
2902
2918
2921
2932
2942
2963
3011
3025
3029
3031
3036
3055
3078
3105
3165
3173
3189
3200
3205
3216
3220
3237
3282
3284
3341
3357
3377
3413
3452
3458
3473
3479
3510
3518
3527
3604
3613
3621
3646
3656
3666
3683
3696
3787
3801
3802
3811
3819
3851
3869
3931
3939
3943
3990
3992
4026
4098
4099
4114
4151
4160
4174
4203
4232
4276
4296
4316
4321
4325
4334
4340
4348
4372
4373
4383
4386
4388
4390
4395
4398
4401
4447
4486
4501
4503
4507
4522
4606
4631
4652
4695
4737
4789
4810
4830
4838
4839
4843
4883
4896
4909
4923
4928
4932
4962
4984
4993
5005
5009
5013
5018
5066
5067
5099
5107
5108
5149
5159
5209
5273
5302
5326
5330
5340
5364
5394
5395
5436
5465
5483
5494
5503
5507
5519
5563
5566
5572
5593
5656
5730
5774
5811
5814
5817
5825
5877
5885
5901
6015
6048
6062
6094
6104
6142
6144
6147
6206
6209
6212
6220
6251
6252
6264
6295
6302
6312
6327
6350
6369
6410
6414
6418
6481
6502
6534
6535
6554
6574
6595
6653
6655
6666
6711
6740
6761
6779
6794
6825
6854
6874
6881
6901
6906
6927
6929
6962
6996
6997
7020
7055
7071
7120
7122
7139
7147
7176
7188
7223
7233
7248
7308
7377
7390
7431
7438
7439
7464
7502
7503
7519
7528
7547
7557
7563
7578
7686
7747
7753
7761
7778
7790
7821
7863
7867
7870
7889
7907
7917
7925
7937
7941
7977
7993
8014
8023
8026
8117
8122
8136
8158
8163
8188
8209
8219
8243
8281
8300
8311
8317
8359
8396
8399
8415
8438
8444
8453
8457
8466
8484
8547
8563
8583
8610
8644
8687
8739
8808
8831
8833
8861
8875
8952
8954
9006
9061
9077
9085
9099
9101
9105
9144
9156
9158
9159
9160
9163
9164
9165
9167
9168
9169
9170
9172
9173
9174
9175
9176
9177
9178
9179
9180
9181
