37
44
53
69
71
107
123
125
144
157
170
205
222
268
275
332
379
406
428
429
470
477
495
509
517
583
674
727
737
745
788
828
848
854
898
900
901
920
922
947
951
970
998
1033
1090
1091
1092
1106
1120
1143
1147
1148
1178
1204
1272
1325
1335
1341
1353
1368
1405
1427
1440
1469
1493
1517
1535
1557
1558
1574
1575
1579
1615
1659
1662
1687
1709
1715
1720
1750
1753
1771
1834
1868
1884
1890
1891
1893
1898
1902
1932
1934
1943
1958
2029
2037
2039
2070
2172
2184
2250
2255
2266
2302
2314
2349
2355
2357
2380
2390
2402
2481
2550
2562
2586
2592
2604
2685
2709
2711
2712
2717
2735
2801
2811
2900
2906
2911
2934
2948
2970
2979
2990
2994
2997
3010
3012
3067
3086
3090
3110
3121
3127
3187
3244
3260
3333
3371
3386
3399
3417
3426
3437
3444
3451
3463
3469
3510
3518
3524
3530
3611
3665
3685
3718
3730
3787
3799
3828
3830
3834
3852
3873
3891
3893
3924
3936
3944
3957
3964
4026
4037
4067
4115
4158
4159
4183
4225
4239
4253
4254
4271
4276
4284
4294
4301
4302
4309
4375
4382
4384
4391
4429
4492
4527
4556
4577
4582
4587
4611
4617
4631
4633
4636
4639
4671
4706
4707
4734
4740
4780
4825
4839
4855
4877
4893
4929
4940
4967
4978
4989
4994
4998
5013
5040
5059
5066
5070
5074
5076
5095
5116
5134
5153
5165
5167
5195
5205
5214
5227
5260
5276
5284
5285
5295
5306
5332
5339
5368
5390
5395
5397
5399
5402
5411
5417
5448
5466
5477
5501
5502
5513
5541
5548
5557
5591
5608
5615
5718
5764
5767
5774
5785
5792
5811
5821
5826
5830
5865
5868
5887
5906
5915
5917
5931
5932
5943
5946
5971
5983
5996
6041
6082
6113
6120
6130
6145
6148
6157
6158
6168
6174
6213
6227
6257
6259
6277
6285
6318
6378
6396
6401
6423
6431
6433
6447
6454
6466
6496
6508
6524
6546
6547
6549
6613
6636
6638
6642
6659
6698
6711
6712
6744
6765
6802
6807
6833
6847
6902
6938
6972
6987
6994
7000
7034
7051
7068
7095
7104
7124
7144
7145
7156
7225
7244
7329
7334
7401
7477
7546
7566
7569
7577
7587
7669
7696
7705
7721
7723
7744
7766
7794
7797
7812
7845
7858
7893
7907
7914
7941
7952
8015
8023
8027
8042
8043
8056
8078
8080
8095
8156
8160
8162
8198
8222
8306
8338
8377
8503
8557
8612
8620
8628
8662
8668
8709
8736
8739
8752
8769
8779
8794
8823
8852
8861
8873
8881
8887
8895
8911
8926
8938
8962
8987
9002
9007
9008
9026
9042
9053
9090
9105
9112
9197
9241
9247
9252
9262
9276
9280
9292
9297
9310
9319
9330
9391
9411
9442
9446
9474
9489
9507
9508
9509
9510
9511
