24
86
89
94
135
163
164
166
167
170
171
172
198
238
252
301
308
316
317
384
394
400
413
417
423
432
437
456
520
592
593
596
603
635
647
686
729
765
767
784
791
815
821
832
845
864
887
888
897
915
932
937
938
955
960
1021
1034
1041
1052
1054
1089
1130
1135
1152
1162
1208
1220
1229
1241
1243
1253
1254
1277
1300
1319
1327
1358
1374
1417
1510
1527
1568
1660
1665
1689
1717
1719
1742
1765
1767
1768
1813
1826
1828
1835
1841
1853
1931
2008
2014
2049
2057
2065
2080
2116
2130
2164
2182
2199
2209
2210
2228
2234
2264
2286
2313
2321
2323
2371
2388
2529
2536
2572
2621
2694
2695
2711
2726
2761
2762
2824
2845
2852
2855
2868
2882
2892
2926
2961
2969
2970
2972
3029
3035
3039
3075
3100
3101
3104
3110
3161
3163
3168
3170
3204
3225
3228
3272
3282
3295
3304
3342
3346
3349
3350
3376
3389
3402
3405
3410
3425
3443
3451
3456
3470
3511
3514
3544
3583
3627
3642
3705
3713
3729
3732
3779
3795
3844
3875
3892
3926
3944
3953
3982
3986
4019
4030
4079
4080
4081
4105
4108
4160
4174
4177
4182
4213
4214
4227
4251
4325
4349
4356
4372
4376
4390
4408
4430
4433
4449
4462
4485
4514
4515
4557
4588
4592
4604
4624
4628
4646
4713
4739
4777
4823
4841
4858
4870
4876
4946
4949
4968
4984
5008
5039
5113
5124
5126
5179
5219
5222
5225
5228
5234
5257
5290
5296
5374
5394
5396
5465
5467
5483
5484
5516
5555
5598
5620
5629
5634
5637
5647
5673
5710
5746
5751
5754
5783
5797
5820
5823
5825
5869
5870
5891
5942
5949
5953
5960
6095
6121
6125
6168
6214
6216
6220
6235
6247
6253
6285
6288
6311
6312
6319
6347
6348
6362
6365
6382
6412
6423
6427
6434
6446
6482
6485
6499
6504
6508
6513
6532
6553
6571
6572
6577
6600
6610
6616
6623
6640
6672
6698
6706
6773
6793
6807
6809
6813
6843
6846
6878
6900
6901
6902
6918
6930
6941
6952
6963
6966
6970
6979
6990
7068
7076
7095
7096
7143
7170
7181
7202
7215
7223
7287
7289
7291
7293
7323
7328
7414
7460
7466
7478
7483
7491
7493
7505
7510
7539
7555
7583
7584
7586
7599
7632
7730
7752
7773
7775
7777
7800
7824
7826
7862
7884
7885
7900
7909
7912
7920
7927
7943
7981
7986
8003
8007
8032
8050
8056
8124
8135
8138
8139
8221
8234
8252
8264
8271
8277
8278
8288
8330
8361
8395
8452
8455
8460
8532
8534
8565
8585
8618
8625
8659
8757
8765
8766
8810
8833
8834
8838
8851
8895
8920
8936
8976
9033
9037
9047
9088
9115
9189
9196
9201
9238
9242
9244
9247
9283
9289
9299
9330
9342
9380
9406
9417
9418
