15
35
78
83
84
98
162
203
270
293
303
307
331
355
404
406
419
487
504
537
579
675
677
696
724
734
752
753
797
821
825
857
911
921
937
940
952
959
1005
1011
1042
1062
1064
1071
1072
1078
1090
1118
1130
1201
1206
1231
1239
1256
1258
1260
1263
1327
1342
1365
1379
1415
1418
1456
1497
1553
1571
1575
1581
1589
1609
1640
1645
1652
1689
1709
1744
1756
1802
1814
1850
1851
1882
1900
1902
1917
1940
1957
1984
1993
2012
2027
2038
2047
2053
2113
2140
2186
2190
2198
2217
2232
2237
2238
2246
2302
2307
2341
2354
2359
2382
2397
2416
2426
2429
2443
2468
2478
2488
2611
2636
2639
2693
2694
2702
2728
2748
2758
2767
2779
2844
2926
2934
3033
3064
3071
3090
3137
3151
3152
3155
3160
3179
3196
3214
3237
3241
3277
3298
3335
3350
3359
3372
3374
3409
3425
3426
3428
3459
3493
3534
3538
3568
3576
3581
3673
3678
3688
3689
3691
3717
3723
3729
3745
3755
3761
3775
3785
3820
3831
3857
3860
3864
3940
3941
3942
3980
3990
3999
4029
4054
4071
4089
4094
4118
4145
4167
4194
4259
4271
4272
4273
4277
4304
4354
4358
4373
4378
4388
4424
4443
4444
4508
4525
4531
4549
4584
4601
4673
4698
4705
4736
4760
4762
4778
4788
4791
4841
4843
4855
4880
5000
5010
5051
5059
5060
5071
5072
5102
5151
5165
5195
5207
5216
5221
5235
5262
5291
5341
5352
5430
5433
5445
5471
5482
5515
5516
5529
5531
5597
5636
5650
5663
5745
5761
5770
5773
5777
5781
5790
5825
5855
5912
5923
5954
5963
5989
6001
6016
6055
6082
6099
6122
6129
6144
6150
6175
6198
6205
6279
6304
6335
6356
6425
6472
6514
6533
6548
6558
6644
6655
6750
6752
6756
6758
6778
6784
6803
6807
6829
6847
6875
6881
6887
6888
6891
6905
6932
6984
7033
7069
7096
7104
7106
7134
7144
7179
7192
7250
7277
7316
7321
7323
7326
7332
7345
7347
7367
7373
7380
7422
7423
7440
7449
7450
7492
7512
7581
7584
7591
7594
7663
7673
7675
7713
7715
7780
7782
7784
7806
7808
7822
7829
7833
7860
7868
7918
7919
7922
7964
7991
8027
8028
8031
8046
8084
8097
8136
8171
8181
8196
8217
8218
8242
8269
8307
8308
8313
8339
8356
8366
8405
8408
8419
8426
8439
8441
8450
8479
8482
8493
8495
8521
8530
8539
8564
8580
8587
8591
8602
8620
8622
8633
8675
8695
8777
8788
8800
8815
8823
8853
8875
8887
8902
8928
8952
8955
8970
8993
8995
9000
9001
9021
9039
9050
9067
9084
9092
9097
9100
9146
9182
9204
9212
9219
9259
9278
9325
9347
9358
9359
9364
9369
9375
9380
9384
9387
9416
9429
9436
9444
9478
9500
9502
