0
1
7
37
116
124
128
145
163
169
191
196
266
273
323
327
349
351
408
443
444
446
471
474
498
525
538
561
592
594
608
618
695
697
730
802
862
869
871
889
896
972
986
1005
1015
1055
1066
1085
1111
1124
1126
1129
1185
1191
1196
1217
1241
1327
1348
1363
1364
1371
1406
1432
1451
1453
1509
1534
1551
1566
1614
1615
1652
1674
1769
1777
1793
1828
1832
1901
1911
1921
1928
1951
1967
2038
2078
2089
2099
2104
2142
2154
2175
2197
2210
2223
2236
2252
2260
2267
2274
2275
2344
2390
2431
2503
2505
2520
2529
2550
2605
2627
2646
2662
2664
2703
2717
2734
2769
2783
2795
2800
2847
2863
2874
2908
2912
2939
2946
2984
3000
3023
3029
3032
3049
3051
3086
3150
3205
3210
3243
3266
3276
3297
3325
3344
3360
3383
3404
3431
3446
3464
3485
3543
3584
3587
3593
3599
3605
3608
3625
3627
3634
3646
3649
3659
3692
3694
3718
3778
3805
3815
3822
3828
3892
3899
3900
3942
3954
3973
3998
4000
4022
4026
4056
4078
4088
4148
4158
4173
4182
4192
4211
4234
4244
4256
4260
4288
4306
4309
4312
4335
4372
4374
4380
4416
4419
4428
4472
4480
4496
4544
4587
4596
4646
4652
4736
4753
4788
4800
4808
4829
4859
4863
4901
4921
4965
4978
4995
5012
5020
5023
5024
5028
5060
5082
5097
5125
5137
5158
5180
5198
5202
5218
5242
5260
5282
5423
5457
5459
5464
5483
5491
5500
5518
5539
5543
5564
5578
5610
5691
5693
5715
5742
5757
5763
5777
5810
5822
5835
5883
5897
5938
5957
5966
6051
6062
6079
6099
6112
6122
6125
6132
6139
6144
6154
6157
6178
6202
6214
6226
6248
6255
6300
6310
6375
6384
6437
6459
6468
6489
6511
6543
6551
6561
6574
6618
6624
6653
6663
6675
6677
6679
6681
6727
6736
6752
6753
6787
6812
6817
6826
6851
6856
6886
6893
6898
6919
6938
6975
6990
7003
7018
7021
7094
7127
7142
7148
7150
7179
7235
7254
7256
7258
7260
7289
7328
7340
7363
7367
7407
7412
7431
7452
7466
7479
7488
7497
7505
7529
7540
7579
7602
7613
7616
7631
7730
7733
7741
7774
7798
7801
7823
7824
7843
7881
7882
7918
7921
7923
7981
7988
7993
8012
8051
8075
8093
8095
8137
8144
8192
8195
8227
8234
8270
8286
8297
8369
8377
8416
8422
8423
8449
8491
8493
8506
8558
8608
8618
8649
8664
8678
8698
8706
8709
8728
8740
8765
8801
8833
8848
8854
8874
8881
8978
8984
8991
8997
9009
9028
9050
9086
9091
9095
9100
9115
9141
9166
9197
9198
9211
9238
9254
9261
9264
9268
9272
9295
9309
9333
9356
9430
9472
9476
9480
9484
9522
9524
9526
9528
