1
68
131
143
195
210
211
221
238
252
256
272
288
319
334
348
352
367
392
435
480
496
502
510
542
557
560
605
609
641
701
704
721
759
814
820
834
847
862
888
889
906
986
1048
1049
1115
1157
1164
1175
1187
1193
1201
1226
1288
1311
1370
1417
1448
1514
1515
1522
1533
1552
1560
1570
1583
1603
1628
1636
1643
1667
1674
1686
1723
1732
1749
1759
1792
1799
1808
1815
1852
1888
1890
1912
1916
1929
1939
1957
1970
1978
2002
2086
2102
2121
2126
2160
2181
2189
2202
2218
2234
2240
2261
2270
2291
2308
2313
2316
2321
2347
2394
2410
2413
2434
2442
2450
2453
2457
2492
2503
2527
2531
2538
2614
2629
2655
2659
2662
2708
2712
2727
2737
2739
2757
2795
2813
2826
2828
2839
2849
2894
2895
2902
2905
2915
2932
2952
2962
2972
2984
3059
3072
3074
3079
3085
3123
3126
3148
3228
3239
3240
3265
3281
3292
3377
3379
3455
3482
3487
3513
3528
3537
3541
3546
3585
3663
3666
3685
3727
3748
3800
3821
3828
3835
3843
3882
3898
3950
3955
3962
3968
4008
4010
4033
4042
4053
4060
4096
4097
4104
4111
4124
4136
4142
4144
4148
4188
4195
4203
4215
4216
4231
4233
4260
4261
4274
4277
4377
4403
4423
4438
4472
4486
4514
4567
4603
4610
4662
4707
4735
4766
4790
4798
4800
4806
4864
4875
4929
4979
4984
4985
4988
5002
5023
5029
5051
5052
5056
5086
5129
5133
5181
5182
5187
5216
5219
5220
5226
5233
5245
5254
5257
5261
5365
5392
5416
5430
5431
5446
5465
5469
5474
5492
5513
5524
5579
5582
5585
5611
5635
5716
5745
5775
5782
5796
5803
5804
5811
5812
5828
5840
5858
5864
5872
5900
5926
5931
5982
5992
6054
6091
6120
6156
6163
6186
6210
6224
6297
6332
6461
6488
6506
6510
6534
6560
6614
6621
6622
6623
6625
6633
6635
6649
6700
6711
6729
6755
6773
6819
6834
6847
6855
6857
6858
6863
6880
6889
6916
6932
6948
6977
7009
7044
7055
7060
7061
7068
7110
7127
7132
7141
7160
7167
7213
7272
7276
7293
7316
7331
7423
7452
7488
7498
7502
7513
7523
7535
7552
7578
7612
7637
7656
7746
7753
7756
7760
7768
7782
7783
7810
7817
7825
7841
7859
7862
7863
7865
7891
7905
7934
7946
7975
7988
8026
8052
8060
8083
8100
8108
8109
8134
8157
8216
8234
8251
8261
8270
8286
8291
8292
8328
8336
8386
8393
8414
8441
8469
8582
8621
8623
8672
8685
8752
8760
8769
8819
8824
8853
8856
8888
8893
8906
8915
8931
8942
8956
8959
8996
9027
9049
9050
9076
9093
9105
9147
9154
9183
9218
9228
9283
9284
9294
9303
9363
9373
9389
9403
9407
9435
9437
9438
9439
9440
9441
9442
