11
35
37
55
60
126
185
189
261
332
346
362
390
422
455
466
470
473
475
510
519
536
550
573
579
623
629
642
660
709
728
806
810
814
833
834
835
858
890
893
904
968
993
1030
1114
1129
1144
1147
1149
1156
1170
1226
1240
1347
1358
1368
1395
1424
1427
1431
1435
1448
1450
1471
1475
1487
1505
1566
1590
1618
1629
1673
1677
1679
1683
1707
1730
1750
1751
1755
1778
1824
1826
1835
1862
1943
1954
1956
1961
1991
2000
2001
2004
2040
2044
2049
2052
2107
2117
2119
2146
2148
2171
2185
2193
2222
2247
2248
2291
2305
2323
2354
2361
2377
2393
2418
2419
2517
2518
2526
2547
2567
2577
2585
2601
2616
2639
2650
2665
2692
2707
2720
2818
2826
2878
2884
2889
2899
2909
2911
2917
2946
2959
2984
3030
3055
3060
3077
3108
3123
3137
3144
3159
3196
3201
3203
3253
3288
3317
3321
3328
3331
3335
3346
3379
3381
3386
3389
3422
3495
3496
3511
3540
3609
3676
3678
3685
3740
3780
3804
3837
3839
3847
3861
3880
3889
3932
3984
4005
4011
4068
4074
4113
4121
4134
4162
4219
4234
4274
4281
4284
4318
4323
4326
4368
4370
4389
4407
4534
4538
4552
4575
4610
4614
4628
4630
4634
4637
4645
4717
4741
4772
4773
4793
4821
4847
4881
4888
4905
4928
4945
4988
5002
5027
5037
5039
5057
5063
5077
5083
5087
5091
5104
5131
5238
5276
5286
5288
5330
5346
5397
5398
5442
5491
5496
5512
5540
5548
5586
5601
5608
5613
5625
5655
5663
5665
5682
5686
5698
5748
5761
5812
5818
5827
5840
5912
5942
5951
5979
6033
6058
6059
6063
6086
6097
6109
6156
6168
6171
6211
6233
6263
6289
6301
6312
6317
6330
6352
6371
6380
6420
6513
6514
6516
6521
6526
6537
6546
6576
6579
6586
6600
6613
6616
6635
6660
6699
6742
6745
6759
6768
6772
6773
6792
6794
6807
6826
6830
6832
6849
6874
6897
6969
7031
7047
7058
7062
7124
7145
7153
7234
7246
7255
7266
7286
7314
7333
7334
7342
7369
7386
7397
7430
7528
7537
7542
7597
7607
7623
7681
7683
7689
7691
7711
7712
7734
7741
7742
7782
7797
7805
7910
7924
7943
7950
7991
8007
8014
8043
8052
8055
8059
8062
8093
8124
8125
8148
8157
8165
8167
8172
8184
8191
8196
8201
8202
8203
8207
8214
8216
8218
8226
8228
8230
8232
8235
8241
8245
8247
8250
8252
8255
8258
8266
8268
8269
8274
8279
8280
8281
8295
8312
8314
8318
8328
8330
8331
8332
8339
8340
8346
8348
8349
8350
8361
8365
8368
8371
8372
8374
8377
8379
8380
8382
8385
8386
8388
8389
8397
8398
8400
8401
8405
8409
8418
8426
8428
8431
8433
8436
8444
