14
49
54
81
93
165
168
171
195
209
235
237
266
281
296
324
330
333
338
339
376
383
387
406
456
513
548
556
574
578
621
646
665
675
692
723
732
737
740
793
800
825
870
923
937
950
973
975
1009
1150
1151
1194
1261
1347
1368
1429
1466
1473
1501
1523
1535
1539
1611
1647
1659
1661
1696
1727
1732
1734
1741
1769
1787
1799
1816
1858
1892
1897
1908
1935
1958
1999
2003
2008
2029
2033
2042
2092
2106
2167
2245
2251
2274
2335
2441
2450
2559
2569
2571
2584
2601
2627
2654
2661
2700
2710
2713
2725
2751
2774
2778
2795
2805
2873
2874
2875
2914
2916
2941
2959
2964
2968
2969
2975
3097
3105
3115
3131
3142
3149
3152
3156
3159
3174
3184
3241
3305
3324
3374
3376
3383
3415
3422
3445
3451
3481
3490
3499
3503
3512
3618
3628
3630
3633
3639
3640
3649
3683
3684
3691
3702
3732
3741
3765
3788
3805
3865
3927
3929
3954
3963
3987
4007
4012
4015
4068
4069
4133
4173
4182
4188
4191
4221
4225
4244
4281
4288
4325
4365
4367
4368
4375
4399
4417
4423
4431
4463
4480
4481
4486
4498
4545
4570
4573
4600
4602
4641
4649
4650
4664
4669
4685
4693
4695
4717
4738
4790
4804
4824
4869
4919
4920
4950
4960
4962
4983
4990
4993
5031
5038
5039
5058
5095
5130
5154
5210
5222
5235
5290
5296
5297
5306
5318
5326
5332
5368
5371
5390
5392
5401
5417
5465
5480
5507
5540
5543
5576
5594
5597
5611
5619
5631
5672
5714
5720
5751
5756
5764
5783
5801
5849
5896
5936
5958
5980
5986
5999
6111
6134
6138
6153
6176
6182
6210
6216
6227
6232
6262
6288
6315
6331
6339
6361
6383
6404
6410
6442
6476
6491
6496
6500
6523
6525
6539
6552
6553
6581
6600
6608
6614
6651
6654
6687
6693
6694
6712
6714
6715
6727
6750
6788
6802
6836
6854
6867
6891
6901
6906
6916
6919
6921
6974
6975
6984
6999
7016
7045
7055
7057
7079
7114
7118
7119
7123
7154
7174
7204
7211
7273
7288
7328
7375
7411
7420
7429
7516
7557
7560
7608
7628
7669
7674
7720
7727
7772
7808
7815
7827
7840
7843
7851
7859
7900
7910
7920
7949
7958
7962
7985
7989
8000
8003
8018
8063
8131
8134
8141
8142
8162
8171
8186
8191
8226
8236
8246
8291
8295
8298
8333
8336
8362
8389
8390
8421
8423
8439
8440
8444
8454
8460
8486
8494
8510
8535
8541
8569
8583
8590
8612
8625
8692
8700
8707
8709
8730
8778
8787
8799
8804
8817
8851
8852
8896
8927
8932
8951
8966
8967
8970
8979
8992
9026
9027
9045
9053
9054
9073
9120
9122
9153
9186
9220
9222
9290
9297
9304
9323
9345
9360
9394
9402
9426
9436
9449
9457
