45
47
53
90
128
218
280
292
297
308
386
392
401
419
453
492
502
524
548
551
553
591
599
630
645
648
672
683
692
698
711
712
727
744
755
757
758
802
809
821
830
852
870
911
914
940
1006
1010
1041
1052
1084
1124
1132
1138
1144
1193
1214
1245
1267
1311
1338
1355
1358
1407
1437
1456
1476
1478
1482
1492
1512
1515
1533
1547
1549
1550
1563
1627
1643
1754
1766
1769
1793
1810
1842
1843
1860
1866
1868
1888
1894
1904
1949
1962
1976
1982
1990
2011
2015
2028
2060
2071
2087
2141
2171
2205
2220
2241
2262
2292
2302
2319
2328
2342
2350
2351
2353
2416
2456
2474
2476
2479
2510
2518
2533
2540
2596
2671
2676
2693
2699
2707
2732
2735
2747
2763
2785
2798
2815
2822
2888
2897
2898
2927
2930
2941
2965
2974
3018
3033
3055
3065
3069
3083
3110
3116
3118
3157
3158
3166
3195
3197
3204
3207
3208
3243
3251
3253
3278
3281
3341
3349
3381
3452
3466
3471
3534
3598
3602
3610
3646
3732
3850
3856
3880
3904
3912
3930
3994
4022
4039
4040
4072
4098
4103
4111
4132
4134
4135
4186
4190
4208
4211
4244
4259
4271
4285
4303
4304
4314
4359
4370
4381
4411
4434
4457
4474
4484
4508
4528
4532
4536
4542
4551
4642
4660
4667
4680
4698
4737
4809
4859
4873
4890
4909
4945
4958
4968
5008
5060
5063
5093
5107
5127
