13
21
39
96
119
131
132
180
200
212
217
224
260
279
285
292
331
369
385
392
403
438
503
520
525
554
563
589
621
653
688
694
728
798
820
836
847
849
910
911
917
921
966
974
992
1020
1032
1034
1052
1057
1082
1106
1137
1182
1188
1216
1220
1250
1281
1283
1307
1393
1433
1455
1500
1503
1517
1527
1566
1568
1585
1616
1624
1644
1662
1688
1704
1731
1766
1788
1826
1835
1848
1849
1859
1903
1904
1931
1935
1947
1951
1961
1965
1972
1973
1982
1993
2014
2080
2084
2094
2171
2175
2180
2186
2189
2231
2261
2328
2341
2357
2371
2388
2423
2438
2455
2490
2505
2577
2588
2589
2597
2604
2617
2621
2624
2652
2688
2713
2720
2728
2748
2749
2751
2786
2790
2851
2871
2918
2960
2963
3009
3010
3043
3049
3050
3060
3138
3157
3168
3170
3193
3196
3219
3229
3237
3268
3277
3301
3304
3310
3312
3334
3339
3356
3391
3416
3430
3511
3535
3541
3556
3572
3578
3634
3654
3665
3689
3709
3713
3718
3731
3758
3778
3784
3808
3838
3860
3874
3875
3906
3950
3966
3989
3998
4048
4087
4132
4151
4186
4197
4226
4227
4231
4242
4258
4270
4276
4306
4323
4329
4342
4357
4360
4363
4373
4420
4442
4465
4478
4480
4483
4540
4546
4569
4602
4609
4621
4623
4625
4633
4635
4652
4697
4702
4703
4716
4771
4783
4793
4810
4854
4906
4941
4948
4965
4982
4983
4999
5045
5051
5073
5076
5081
5082
5087
5110
5173
5229
5236
5243
5256
5298
5310
5320
5330
5344
5357
5358
5360
5376
5385
5437
5443
5459
5482
5488
5493
5500
5508
5550
5573
5617
5625
5630
5659
5666
5668
5669
5674
5716
5725
5754
5816
5847
5852
5939
5995
5997
6027
6053
6083
6086
6126
6139
6152
6173
6189
6198
6221
6239
6255
6259
6280
6323
6330
6374
6376
6385
6459
6473
6514
6542
6581
6619
6629
6661
6663
6667
6715
6733
6736
6753
6768
6771
6777
6811
6839
6842
6852
6862
6877
6913
6919
6955
7011
7015
7016
7039
7040
7056
7099
7133
7134
7162
7172
7175
7182
7212
7216
7243
7294
7301
7307
7356
7359
7379
7380
7382
7392
7411
7444
7451
7554
7571
7601
7620
7627
7639
7646
7650
7664
7677
7686
7740
7760
7764
7766
7785
7818
7830
7835
7865
7888
7899
7919
7950
7958
7971
7987
7992
7993
8018
8038
8045
8067
8119
8122
8140
8145
8152
8164
8201
8218
8230
8277
8336
8341
8372
8382
8395
8415
8420
8430
8432
8441
8483
8492
8495
8508
8510
8517
8538
8548
8556
8579
8602
8611
8619
8639
8673
8685
8713
8737
8776
8791
8817
8825
8924
8933
8946
9022
9026
9032
9054
9063
9094
9107
9108
9115
9153
9213
9229
9265
9275
9303
9312
9336
9343
9399
9437
9461
