3
17
94
125
147
193
221
224
228
236
239
349
398
405
411
423
457
487
489
502
539
581
588
602
605
609
620
641
645
653
677
699
712
721
762
784
801
816
841
855
866
876
920
966
972
1031
1054
1098
1115
1122
1177
1194
1214
1222
1228
1245
1273
1274
1280
1305
1310
1460
1468
1492
1535
1567
1580
1614
1628
1658
1685
1716
1720
1724
1765
1766
1780
1782
1785
1790
1798
1814
1815
1824
1858
1888
1893
1920
1931
1968
1988
2001
2013
2016
2038
2047
2106
2115
2151
2185
2202
2225
2259
2260
2279
2280
2283
2305
2311
2330
2368
2376
2391
2410
2413
2441
2488
2501
2524
2556
2560
2583
2599
2608
2617
2646
2651
2655
2662
2678
2692
2695
2727
2739
2775
2882
2894
2895
2968
2975
2976
2982
2991
2993
3004
3081
3093
3101
3118
3130
3146
3181
3239
3243
3245
3247
3284
3306
3307
3314
3316
3357
3388
3389
3392
3393
3401
3421
3429
3479
3496
3526
3527
3528
3553
3561
3579
3597
3607
3635
3659
3665
3720
3738
3794
3813
3825
3869
3881
3902
3907
3923
3936
3968
3974
4083
4107
4113
4116
4126
4127
4134
4138
4140
4143
4153
4176
4184
4208
4211
4228
4255
4258
4334
4338
4365
4370
4385
4387
4398
4420
4483
4484
4502
4523
4529
4532
4592
4597
4625
4668
4711
4713
4725
4764
4774
4783
4786
4805
4812
4827
4828
4836
4868
4877
4882
4888
4963
4987
5088
5119
5120
5148
5154
5194
5205
5209
5213
5219
5223
5227
5241
5247
5258
5344
5365
5377
5378
5386
5395
5397
5403
5415
5437
5452
5459
5466
5490
5513
5525
5578
5581
5623
5659
5661
5664
5688
5699
5712
5728
5751
5774
5825
5827
5859
5907
5923
5981
5984
5986
5999
6008
6131
6147
6148
6229
6233
6260
6280
6282
6290
6314
6361
6371
6391
6417
6443
6461
6498
6526
6537
6560
6566
6581
6597
6603
6641
6649
6678
6689
6726
6737
6738
6757
6774
6816
6819
6827
6852
6868
6876
6891
6922
6924
6932
6944
6956
6966
6968
6974
6995
7000
7055
7061
7075
7094
7164
7166
7171
7203
7205
7226
7238
7267
7278
7286
7321
7344
7461
7483
7502
7551
7566
7579
7601
7609
7610
7619
7663
7706
7739
7758
7761
7765
7769
7782
7783
7802
7840
7842
7851
7854
7891
7931
7944
8012
8015
8037
8046
8053
8092
8104
8108
8114
8121
8148
8150
8160
8161
8163
8232
8236
8284
8310
8336
8337
8356
8417
8420
8489
8495
8504
8517
8521
8591
8595
8628
8637
8652
8663
8720
8728
8742
8751
8754
8764
8824
8829
8842
8861
8869
8922
8937
8968
8980
9083
9094
9123
9124
9131
9132
9140
9177
9190
9199
9235
9253
9271
9367
9373
9398
9405
9419
9421
9423
9424
9426
9427
