0
1
14
18
28
45
103
120
129
175
177
229
251
283
284
286
321
329
347
349
365
381
396
424
426
532
535
574
637
648
759
761
769
806
816
824
835
846
856
878
927
960
976
984
1017
1022
1033
1056
1072
1096
1109
1138
1161
1166
1190
1206
1211
1213
1230
1231
1263
1275
1280
1289
1294
1297
1314
1334
1348
1384
1392
1418
1423
1424
1429
1431
1432
1433
1436
1445
1448
1457
1486
1487
1510
1516
1552
1571
1604
1635
1662
1671
1683
1697
1708
1725
1768
1776
1779
1781
1795
1848
1886
1892
1922
1947
1960
2046
2062
2101
2109
2131
2208
2219
2241
2274
2287
2292
2293
2301
2377
2389
2399
2468
2496
2524
2535
2573
2574
2578
2591
2606
2628
2675
2685
2687
2709
2746
2759
2802
2803
2861
2865
2881
2917
3023
3034
3050
3063
3076
3080
3096
3097
3120
3145
3153
3195
3224
3229
3257
3272
3295
3312
3323
3345
3349
3354
3367
3381
3385
3428
3434
3440
3453
3461
3464
3465
3479
3483
3518
3522
3531
3541
3545
3628
3656
3683
3759
3788
3826
3842
3874
3876
3882
3977
3983
3998
4008
4023
4029
4062
4094
4114
4118
4168
4192
4204
4263
4277
4291
4307
4318
4322
4336
4361
4369
4373
4385
4425
4453
4482
4483
4501
4524
4540
4542
4558
4578
4613
4619
4623
4634
4658
4661
4662
4682
4686
4740
4773
4792
4810
4835
4840
4885
4901
4906
4927
4935
4943
4952
4980
4981
5028
5055
5069
5072
5074
5097
5102
5122
5134
5135
5139
5142
5147
5188
5241
5253
5256
5298
5327
5347
5385
5421
5484
5489
5513
5548
5550
5558
5585
5660
5662
5684
5748
5791
5792
5819
5834
5840
5849
5850
5852
5879
5891
5899
5931
5940
5942
5961
5975
6006
6076
6078
6079
6083
6091
6107
6177
6241
6273
6343
6394
6436
6464
6504
6518
6552
6563
6597
6602
6635
6662
6683
6730
6731
6764
6770
6796
6798
6833
6862
6897
6900
6929
6947
6959
6963
6971
7010
7017
7039
7044
7071
7147
7175
7176
7197
7211
7217
7231
7237
7245
7247
7282
7292
7294
7304
7305
7345
7351
7361
7388
7401
7452
7466
7471
7481
7485
7486
7526
7570
7591
7598
7603
7650
7670
7680
7688
7689
7712
7719
7732
7736
7763
7781
7800
7808
7825
7828
7856
7867
7893
7944
7987
8004
8033
8050
8068
8120
8125
8150
8194
8264
8289
8293
8302
8326
8399
8417
8432
8437
8443
8463
8468
8476
8477
8493
8541
8548
8574
8599
8606
8607
8633
8644
8663
8682
8705
8743
8752
8754
8831
8846
8897
8914
8954
8991
9002
9030
9033
9076
9090
9120
9161
9192
9202
9264
9301
9335
9336
9337
9338
9339
9341
9345
9346
9348
9349
9350
9351
9352
9353
