6
49
51
99
114
122
158
202
203
229
250
266
343
383
431
435
450
466
501
519
522
554
556
586
599
607
615
618
632
660
665
669
673
676
681
684
697
737
796
845
864
887
978
991
1001
1028
1080
1104
1107
1131
1197
1221
1228
1230
1247
1248
1261
1291
1347
1381
1418
1426
1427
1438
1439
1475
1483
1514
1524
1567
1578
1581
1608
1616
1619
1673
1704
1707
1715
1735
1794
1882
1885
1896
1936
1939
1969
1981
2002
2050
2067
2071
2088
2097
2107
2112
2115
2116
2139
2151
2163
2182
2193
2211
2219
2250
2265
2271
2275
2287
2297
2327
2338
2342
2371
2402
2430
2433
2483
2484
2494
2506
2534
2621
2623
2653
2663
2674
2706
2812
2818
2821
2832
2849
2852
2855
2886
2906
2908
2946
2989
2999
3006
3025
3033
3040
3061
3083
3123
3140
3149
3164
3166
3178
3211
3265
3273
3307
3320
3346
3366
3426
3475
3479
3500
3501
3544
3562
3568
3611
3637
3672
3690
3747
3761
3769
3786
3852
3856
3885
3887
3896
3910
3933
3934
3954
3962
3970
3983
4018
4039
4041
4061
4078
4083
4107
4114
4127
4155
4156
4199
4212
4223
4244
4246
4252
4254
4311
4347
4358
4377
4395
4429
4438
4463
4497
4499
4506
4532
4549
4553
4559
4563
4573
4582
4625
4628
4637
4643
4674
4724
4726
4732
4733
4754
4760
4777
4814
4816
4833
4834
4852
4869
4903
4932
5076
5079
5095
5104
5154
5194
5216
5218
5221
5275
5276
5309
5327
5341
5342
5343
5350
5380
5421
5457
5458
5523
5527
5538
5561
5566
5592
5596
5598
5626
5630
5632
5646
5660
5691
5710
5730
5742
5757
5762
5768
5788
5800
5811
5815
5829
5836
5842
5866
5878
5940
5973
5983
6002
6014
6024
6033
6056
6065
6068
6075
6090
6091
6170
6211
6232
6252
6294
6339
6346
6371
6372
6385
6401
6406
6410
6459
6463
6465
6472
6487
6508
6515
6519
6529
6547
6550
6559
6575
6612
6620
6674
6691
6702
6714
6728
6782
6787
6789
6793
6796
6809
6827
6842
6847
6863
6874
6897
6906
6916
6941
6944
6953
6957
6958
7039
7069
7145
7158
7159
7161
7197
7215
7234
7238
7243
7273
7282
7394
7423
7478
7484
7523
7550
7556
7558
7570
7575
7577
7585
7608
7640
7673
7762
7792
7822
7825
7851
7870
7876
7907
7983
7998
8007
8012
8071
8078
8081
8140
8164
8179
8201
8227
8238
8286
8292
8380
8418
8419
8440
8459
8468
8522
8523
8651
8673
8706
8707
8746
8748
8796
8806
8825
8831
8840
8856
8867
8873
8891
8905
8915
8953
8967
8973
8999
9034
9073
9110
9111
9114
9132
9153
9156
9199
9204
9215
9222
9234
9251
9253
9264
9265
9307
9332
9346
9348
9462
9492
9493
9494
