25
31
58
70
79
104
121
128
138
142
215
223
227
273
307
326
336
366
369
391
393
418
422
429
433
455
457
458
497
531
547
577
652
659
662
671
700
740
742
749
764
775
778
782
818
926
964
1004
1027
1054
1076
1092
1124
1133
1136
1164
1229
1265
1304
1331
1335
1340
1359
1364
1381
1400
1405
1445
1449
1478
1499
1533
1536
1555
1596
1602
1609
1647
1689
1690
1707
1714
1751
1774
1811
1816
1823
1832
1836
1847
1871
1886
1893
1916
1922
1949
1969
1970
1971
2002
2047
2095
2157
2190
2198
2218
2222
2237
2275
2292
2324
2332
2367
2373
2376
2404
2424
2427
2458
2462
2468
2470
2486
2512
2548
2556
2576
2653
2670
2702
2721
2751
2753
2758
2760
2766
2779
2786
2821
2847
2849
2921
2923
2974
2995
3037
3051
3055
3067
3079
3095
3113
3133
3158
3161
3164
3179
3181
3206
3310
3316
3322
3324
3332
3343
3351
3365
3380
3390
3400
3406
3417
3427
3428
3436
3447
3455
3456
3464
3469
3475
3482
3516
3542
3549
3557
3610
3664
3666
3694
3700
3707
3736
3784
3787
3835
3841
3886
3903
3921
3924
3937
3951
4024
4030
4060
4070
4087
4097
4104
4144
4145
4146
4147
4150
4167
4230
4282
4314
4324
4343
4362
4381
4391
4408
4411
4421
4444
4449
4517
4526
4544
4565
4566
4581
4661
4686
4781
4814
4850
4879
4963
4982
5018
5052
5058
5059
5073
5076
5079
5101
5114
5116
5187
5199
5229
5239
5256
5290
5294
5313
5318
5322
5323
5335
5394
5405
5432
5435
5500
5527
5647
5655
5679
5689
5696
5720
5724
5756
5773
5795
5843
5929
5937
5985
6018
6028
6057
6070
6114
6129
6156
6176
6193
6206
6209
6237
6241
6250
6258
6273
6294
6296
6320
6375
6394
6436
6450
6536
6549
6551
6628
6670
6698
6701
6766
6781
6858
6888
6896
6922
6938
6974
6987
7010
7071
7081
7082
7113
7118
7188
7192
7196
7201
7258
7287
7297
7343
7347
7361
7388
7390
7396
7397
7401
7413
7450
7453
7483
7497
7512
7519
7541
7548
7592
7593
7603
7605
7697
7762
7781
7808
7860
7889
7937
7964
7980
7981
8037
8038
8044
8060
8064
8072
8125
8130
8133
8136
8204
8212
8237
8242
8277
8282
8304
8320
8343
8346
8371
8401
8434
8442
8446
8452
8490
8494
8497
8500
8533
8534
8553
8568
8571
8575
8587
8600
8621
8642
8669
8693
8701
8722
8751
8755
8761
8832
8837
8841
8877
8895
8898
8916
8919
8933
8954
8963
8966
8973
8974
8976
8977
8978
8980
8981
8982
8983
8985
8986
8987
8991
8995
8996
8998
8999
9000
9001
9002
9006
9007
9009
9010
9012
9015
9016
9017
9018
9019
9021
9022
9024
