12
17
44
55
95
156
185
229
253
279
284
300
310
385
424
439
480
488
496
508
567
648
657
671
701
704
711
720
753
755
768
779
800
811
853
901
908
921
954
972
988
1013
1018
1029
1041
1057
1069
1086
1088
1102
1107
1133
1144
1168
1201
1220
1231
1295
1328
1341
1376
1396
1402
1432
1480
1510
1552
1585
1624
1644
1673
1683
1752
1765
1790
1808
1842
1843
1865
1890
1896
1898
1899
1916
1918
1924
1936
1942
1946
1971
2010
2027
2054
2070
2072
2126
2153
2205
2227
2252
2317
2357
2368
2377
2387
2421
2439
2440
2470
2486
2523
2531
2555
2562
2570
2612
2620
2621
2638
2658
2725
2747
2778
2815
2827
2829
2835
2868
2903
2910
2924
2939
2953
2956
2963
2995
3002
3042
3043
3050
3059
3072
3113
3114
3143
3177
3198
3217
3229
3263
3323
3340
3347
3375
3391
3422
3435
3439
3448
3553
3560
3568
3612
3644
3651
3663
3674
3691
3696
3702
3735
3768
3811
3868
3872
3885
3920
3923
3929
3947
3969
4007
4017
4086
4087
4092
4094
4102
4107
4111
4120
4130
4131
4152
4169
4205
4218
4235
4244
4261
4277
4283
4284
4289
4324
4331
4343
4376
4388
4408
4418
4446
4476
4502
4523
4611
4697
4698
4714
4723
4742
4753
4772
4783
4815
4844
4905
4933
4934
4936
4962
4966
4978
5014
5025
5052
5064
5089
5098
5108
5137
5152
5176
5186
5187
5207
5236
5272
5282
5289
5298
5299
5301
5304
5320
5331
5345
5394
5415
5430
5434
5463
5464
5492
5498
5525
5533
5543
5564
5606
5632
5637
5658
5686
5709
5716
5730
5732
5735
5736
5747
5800
5803
5812
5823
5837
5863
5873
5882
5901
5907
5949
5993
6003
6017
6029
6059
6077
6085
6104
6123
6164
6188
6201
6263
6265
6297
6324
6333
6354
6363
6373
6383
6398
6406
6420
6437
6481
6503
6504
6542
6553
6574
6599
6691
6693
6722
6732
6759
6799
6802
6880
6888
6893
6907
6927
6976
7013
7053
7056
7068
7149
7151
7158
7185
7199
7212
7213
7229
7237
7261
7270
7366
7374
7378
7415
7417
7444
7470
7485
7486
7499
7530
7540
7555
7591
7597
7619
7640
7647
7649
7714
7743
7753
7784
7785
7788
7825
7828
7829
7944
7961
7996
8001
8023
8037
8039
8050
8054
8057
8063
8077
8085
8097
8154
8186
8213
8255
8272
8295
8329
8337
8349
8354
8364
8386
8420
8466
8517
8520
8553
8562
8579
8604
8610
8623
8625
8654
8678
8717
8756
8757
8776
8814
8818
8847
8880
8892
8911
8913
8939
8954
8978
8987
8989
9009
9020
9038
9071
9075
9084
9112
9134
9161
9162
9176
9244
9289
9313
9317
9325
9327
9337
9341
9366
9368
9369
9370
9373
9374
9375
9376
9378
9379
9380
