26
68
108
109
160
162
168
208
239
241
255
282
288
364
370
380
388
391
393
445
492
503
506
540
546
561
578
608
619
630
651
690
694
707
747
802
817
822
850
852
920
956
980
1005
1037
1063
1098
1100
1117
1119
1123
1129
1133
1134
1162
1178
1186
1195
1199
1200
1227
1229
1237
1255
1270
1293
1331
1334
1346
1350
1356
1448
1505
1583
1593
1606
1610
1656
1660
1675
1682
1697
1708
1741
1798
1807
1851
1858
1879
1981
2007
2008
2014
2027
2029
2039
2040
2046
2075
2147
2188
2197
2222
2226
2245
2262
2280
2295
2310
2321
2356
2386
2400
2437
2493
2502
2510
2526
2560
2561
2578
2634
2650
2724
2732
2774
2788
2791
2805
2837
2901
2928
2941
2951
3000
3009
3021
3048
3060
3073
3074
3082
3094
3116
3128
3180
3198
3203
3213
3225
3231
3235
3275
3292
3294
3301
3308
3342
3405
3407
3413
3419
3422
3427
3458
3460
3467
3480
3498
3508
3537
3633
3661
3668
3684
3693
3707
3724
3783
3799
3831
3854
3864
3873
3878
3893
3909
3911
3922
3962
3967
3993
4005
4027
4047
4053
4058
4116
4168
4192
4205
4240
4275
4285
4309
4311
4327
4359
4376
4391
4440
4462
4467
4499
4556
4561
4568
4603
4631
4634
4636
4672
4675
4681
4698
4716
4731
4738
4750
4786
4824
4838
4863
5036
5084
5114
5126
5127
5134
5135
5144
5146
5196
5201
5263
5279
5287
5292
5294
5297
5311
5320
5358
5362
5368
5396
5412
5434
5446
5452
5457
5489
5494
5540
5560
5570
5593
5607
5624
5642
5655
5659
5665
5679
5687
5688
5729
5738
5740
5771
5789
5795
5811
5825
5875
5899
5939
5954
6041
6054
6062
6071
6103
6111
6129
6130
6141
6147
6208
6243
6254
6265
6271
6290
6297
6342
6355
6365
6397
6408
6424
6482
6486
6513
6528
6530
6563
6580
6602
6607
6644
6666
6680
6698
6706
6723
6741
6798
6834
6861
6864
6894
6901
6907
6911
6932
6940
6976
6984
7002
7024
7026
7035
7047
7063
7081
7088
7104
7129
7141
7142
7144
7162
7191
7206
7214
7261
7277
7286
7295
7303
7348
7372
7375
7376
7407
7408
7420
7440
7451
7476
7479
7494
7570
7574
7589
7606
7651
7669
7725
7736
7740
7765
7767
7772
7778
7780
7795
7834
7848
7890
7898
7909
7940
7943
7961
7970
8007
8011
8012
8030
8091
8165
8217
8222
8241
8256
8285
8339
8412
8418
8421
8429
8432
8486
8501
8503
8532
8539
8554
8571
8621
8635
8643
8658
8660
8740
8748
8761
8769
8792
8828
8861
8928
8952
9047
9058
9071
9084
9153
9165
9213
9225
9273
9304
9305
9306
9309
9312
9313
9314
9315
9316
9318
9320
9321
9322
9323
9326
9329
9330
9331
