12
21
29
32
35
52
61
70
94
142
152
173
216
218
222
242
244
263
275
337
383
403
424
463
484
485
513
534
565
573
580
590
619
646
663
669
678
711
713
767
783
795
799
804
805
864
877
887
906
912
924
937
953
998
1006
1014
1029
1041
1054
1066
1081
1115
1120
1132
1177
1195
1207
1209
1223
1268
1317
1320
1322
1340
1341
1363
1382
1399
1444
1451
1452
1486
1496
1502
1506
1546
1554
1563
1574
1588
1595
1604
1618
1655
1679
1696
1705
1788
1823
1837
1855
1886
1920
1941
1957
1977
2005
2016
2025
2039
2095
2097
2111
2146
2150
2157
2192
2205
2217
2246
2248
2262
2282
2292
2302
2306
2307
2324
2335
2343
2412
2434
2455
2460
2462
2464
2465
2493
2500
2505
2530
2554
2560
2606
2607
2621
2690
2697
2704
2816
2835
2846
2863
2907
2913
2925
2965
2971
2992
3006
3010
3019
3067
3078
3080
3089
3108
3110
3130
3132
3139
3169
3210
3215
3238
3257
3263
3323
3346
3409
3436
3440
3474
3495
3530
3550
3553
3582
3618
3722
3775
3783
3784
3785
3801
3805
3811
3826
3828
3833
3843
3900
3968
4012
4050
4119
4123
4132
4206
4215
4218
4256
4267
4268
4295
4312
4325
4344
4367
4393
4397
4418
4450
4455
4490
4509
4532
4577
4585
4623
4655
4699
4704
4710
4724
4726
4777
4786
4800
4817
4835
4853
4857
4859
4861
4880
4909
4917
4983
5001
5022
5052
5074
5110
5121
5127
5137
5146
5173
5183
5205
5222
5226
5252
5258
5292
5306
5353
5367
5394
5410
5413
5436
5463
5464
5468
5489
5556
5570
5605
5612
5624
5633
5639
5658
5668
5671
5673
5694
5705
5758
5780
5788
5812
5818
5821
5828
5840
5908
5912
5940
5942
5959
5976
6021
6041
6055
6124
6147
6167
6193
6205
6224
6228
6230
6242
6277
6331
6349
6369
6420
6442
6471
6495
6497
6510
6541
6553
6594
6633
6634
6736
6759
6777
6809
6819
6840
6841
6847
6870
6886
6939
6951
6977
7020
7056
7063
7067
7096
7106
7108
7149
7159
7181
7208
7283
7299
7312
7331
7347
7351
7364
7388
7408
7457
7464
7468
7494
7499
7512
7535
7539
7547
7558
7589
7612
7680
7705
7716
7726
7791
7800
7848
7869
7934
7968
7977
7984
7986
8002
8012
8076
8099
8104
8151
8158
8177
8179
8190
8241
8260
8307
8311
8318
8331
8358
8411
8469
8470
8496
8505
8507
8591
8636
8637
8648
8708
8712
8722
8744
8761
8770
8775
8820
8837
8841
8843
8852
8868
8884
8887
8900
8901
8904
8929
8937
8943
8966
9029
9038
9055
9065
9102
9105
9121
9187
9195
9215
9230
9264
9266
9348
9353
9373
9374
9390
9412
9440
9445
9446
9447
9448
9449
9450
