26
34
91
159
167
256
258
262
286
302
345
371
403
417
449
478
496
507
510
538
602
624
641
648
694
695
712
750
765
776
779
782
783
789
869
872
887
898
906
927
935
958
966
983
994
1004
1044
1057
1084
1178
1198
1214
1219
1311
1333
1424
1431
1434
1442
1474
1496
1514
1515
1524
1536
1579
1633
1637
1639
1641
1658
1663
1667
1677
1681
1702
1732
1758
1774
1778
1788
1810
1813
1821
1854
1902
2073
2079
2080
2081
2088
2095
2104
2123
2155
2168
2191
2215
2250
2254
2260
2315
2338
2363
2415
2419
2424
2480
2522
2623
2639
2646
2672
2686
2725
2744
2745
2762
2766
2770
2773
2788
2840
2867
2944
2965
2986
2988
3031
3068
3069
3074
3080
3081
3108
3124
3125
3134
3159
3179
3221
3279
3296
3318
3328
3347
3383
3402
3412
3414
3430
3445
3471
3472
3473
3474
3501
3523
3530
3533
3576
3594
3595
3597
3613
3616
3623
3632
3642
3654
3693
3716
3755
3764
3775
3777
3800
3809
3843
3862
3865
3868
3870
3882
3956
3957
3998
4030
4034
4048
4081
4086
4088
4092
4123
4145
4154
4211
4224
4235
4245
4267
4283
4295
4348
4355
4361
4373
4379
4404
4406
4433
4434
4482
4509
4554
4587
4610
4611
4614
4624
4676
4698
4752
4768
4787
4845
4848
4852
4869
4884
4907
4913
4976
4989
4999
5007
5032
5077
5089
5108
5136
5166
5208
5264
5265
5305
5315
5344
5364
5368
5400
5404
5415
5416
5436
5452
5482
5483
5538
5611
5617
5631
5659
5666
5680
5682
5684
5693
5705
5716
5727
5737
5742
5749
5751
5764
5780
5810
5826
5878
5899
5907
5911
5955
6055
6066
6086
6093
6157
6158
6172
6203
6211
6213
6218
6219
6247
6277
6322
6325
6333
6417
6432
6438
6488
6524
6526
6547
6561
6573
6590
6594
6595
6623
6641
6658
6715
6735
6757
6783
6814
6880
6893
6905
6919
6921
6941
6964
6966
6992
7063
7066
7130
7133
7146
7159
7270
7295
7314
7317
7320
7325
7361
7376
7387
7419
7463
7476
7478
7480
7482
7513
7527
7530
7541
7547
7549
7555
7559
7612
7615
7624
7633
7638
7680
7699
7714
7743
7800
7823
7827
7860
7896
7900
7921
7939
7951
7959
7960
7969
8052
8103
8126
8156
8193
8209
8211
8235
8241
8244
8255
8259
8266
8279
8338
8353
8387
8419
8424
8443
8459
8476
8487
8524
8548
8579
8660
8667
8701
8703
8723
8725
8727
8739
8759
8774
8775
8789
8800
8812
8827
8841
8845
8854
8875
8894
8897
8899
8906
8933
8943
8950
8984
9054
9056
9087
9092
9093
9106
9107
9112
9113
9114
9117
9160
9165
9172
9175
9195
9214
9218
9277
9285
9311
9315
9338
9344
9359
9369
9390
9391
9392
9393
9394
9395
9398
9399
