10
11
20
57
76
120
124
135
138
146
152
256
288
303
316
323
331
345
396
417
456
463
482
497
500
517
557
597
599
634
646
667
679
684
704
713
728
735
740
760
767
783
798
802
814
815
874
901
910
944
951
968
971
976
988
1021
1036
1058
1088
1122
1123
1162
1190
1198
1235
1266
1280
1293
1299
1315
1331
1358
1370
1371
1390
1432
1434
1446
1460
1516
1576
1667
1672
1720
1722
1795
1798
1807
1817
1901
1913
1970
1975
2015
2042
2162
2171
2204
2254
2279
2284
2306
2332
2354
2365
2367
2371
2388
2414
2435
2443
2510
2548
2560
2634
2696
2701
2709
2713
2718
2726
2749
2770
2803
2822
2824
2832
2875
2898
2909
2916
2934
2966
2978
2989
3006
3025
3065
3067
3073
3085
3103
3143
3144
3147
3150
3189
3199
3218
3225
3237
3266
3340
3352
3371
3374
3401
3422
3483
3503
3577
3646
3649
3720
3784
3787
3792
3805
3812
3822
3826
3870
3897
3898
3904
3927
3960
3962
3985
4024
4054
4061
4078
4100
4136
4260
4262
4308
4322
4332
4337
4343
4345
4349
4409
4411
4413
4422
4426
4435
4441
4450
4520
4529
4542
4586
4594
4595
4674
4711
4719
4779
4784
4800
4827
4840
4847
4849
4885
4891
4904
4913
4914
4924
4955
4984
5010
5046
5048
5055
5089
5096
5193
5215
5231
5306
5317
5338
5339
5340
5373
5375
5392
5421
5459
5478
5493
5504
5515
5516
5517
5539
5544
5548
5552
5581
5589
5646
5651
5704
5720
5724
5766
5781
5791
5792
5796
5840
5856
5878
5891
5898
5925
5930
5955
5976
5987
6002
6055
6062
6070
6102
6157
6160
6164
6170
6184
6194
6195
6213
6236
6247
6268
6277
6278
6288
6311
6330
6342
6346
6372
6384
6443
6467
6507
6595
6608
6614
6621
6627
6643
6695
6718
6721
6767
6845
6855
6887
6889
6931
6939
6953
6954
6960
7043
7050
7062
7099
7109
7120
7138
7143
7167
7181
7219
7230
7270
7274
7334
7360
7367
7403
7412
7432
7439
7440
7447
7458
7464
7482
7545
7585
7587
7627
7635
7640
7675
7715
7718
7734
7742
7752
7780
7783
7807
7814
7820
7822
7848
7860
7888
7921
7948
7956
7960
7974
7985
7992
7999
8004
8027
8034
8044
8062
8074
8095
8124
8125
8143
8155
8175
8185
8199
8203
8210
8281
8300
8334
8343
8365
8371
8391
8395
8406
8408
8417
8440
8503
8510
8536
8543
8546
8590
8605
8612
8668
8699
8701
8729
8739
8755
8758
8764
8782
8792
8841
8863
8886
8902
8920
8926
8928
8946
8949
8974
9001
9010
9068
9100
9101
9114
9179
9218
9220
9257
9266
9274
9283
9296
9314
9348
9349
9394
9395
9401
9404
9438
9451
9473
9476
9483
9487
9488
9489
9490
9491
