1
3
19
47
62
67
100
125
139
154
173
195
227
237
246
256
309
322
336
352
372
419
464
472
494
512
536
537
559
572
594
623
626
656
673
682
690
709
713
718
728
738
761
787
799
807
818
821
853
926
943
974
983
990
1021
1124
1130
1151
1155
1159
1209
1299
1312
1320
1356
1359
1367
1376
1384
1399
1408
1434
1452
1500
1504
1539
1584
1599
1623
1645
1655
1672
1680
1698
1702
1735
1758
1828
1852
1860
1878
1904
1930
1936
1963
1966
1990
2058
2079
2088
2096
2098
2115
2137
2201
2208
2246
2258
2272
2278
2336
2340
2342
2343
2363
2371
2373
2380
2387
2389
2401
2421
2427
2439
2459
2482
2519
2549
2565
2593
2607
2614
2632
2639
2643
2653
2670
2671
2698
2699
2706
2715
2719
2720
2735
2750
2754
2807
2828
2858
2923
2931
2951
2956
3060
3094
3097
3140
3147
3164
3218
3249
3269
3301
3358
3451
3459
3463
3465
3484
3494
3500
3518
3557
3592
3614
3615
3636
3670
3685
3727
3734
3779
3786
3791
3798
3804
3810
3829
3846
3869
3887
3892
3909
3925
3928
3942
4069
4101
4108
4112
4119
4123
4216
4252
4259
4280
4356
4377
4407
4410
4467
4474
4502
4513
4570
4574
4584
4632
4683
4714
4728
4740
4747
4785
4792
4801
4804
4813
4817
4820
4840
4844
4859
4870
4901
4908
4912
4914
4918
4920
4942
4964
4966
4976
4986
5048
5053
5070
5082
5098
5126
5152
5202
5221
5225
5228
5249
5251
5275
5288
5299
5351
5355
5359
5365
5371
5411
5413
5419
5421
5433
5517
5582
5602
5624
5684
5696
5796
5809
5810
5884
5889
5892
5897
5916
5944
5948
5981
5982
6032
6058
6091
6107
6112
6133
6161
6187
6190
6218
6239
6244
6261
6262
6264
6274
6299
6304
6307
6311
6312
6342
6354
6356
6395
6422
6425
6431
6437
6468
6475
6495
6512
6515
6529
6549
6587
6597
6609
6629
6683
6711
6729
6736
6904
6947
6976
6981
6988
7033
7050
7064
7076
7098
7158
7166
7179
7263
7282
7315
7332
7353
7355
7420
7428
7434
7445
7515
7528
7565
7574
7599
7630
7631
7637
7640
7670
7708
7792
7795
7812
7820
7867
7892
7894
7910
7912
7913
7914
7915
7935
7940
7947
7949
7960
7981
7985
7991
8003
8042
8051
8055
8061
8102
8143
8151
8183
8186
8196
8213
8223
8253
8254
8268
8275
8286
8307
8311
8323
8328
8346
8357
8410
8435
8451
8467
8469
8519
8522
8525
8527
8537
8566
8576
8581
8597
8599
8601
8602
8615
8622
8625
8628
8707
8769
8841
8869
8893
8924
8930
8934
8944
8970
9005
9007
9013
9015
9033
9040
9051
9144
9181
9191
9196
9233
9335
9353
9359
9375
9380
9410
9414
9453
9469
9475
