5
21
31
69
91
95
119
122
178
189
234
250
259
276
286
307
323
327
330
399
480
487
536
555
573
574
583
584
593
627
657
675
725
768
783
788
801
847
853
876
881
886
892
903
929
943
956
974
997
998
1005
1015
1042
1043
1048
1076
1080
1086
1092
1097
1152
1201
1210
1211
1226
1227
1246
1259
1281
1286
1295
1304
1334
1348
1373
1379
1388
1399
1415
1436
1438
1473
1504
1523
1532
1566
1588
1627
1628
1631
1702
1771
1796
1826
1866
1871
1874
1899
1969
1975
2029
2038
2123
2167
2173
2186
2224
2268
2289
2297
2343
2365
2371
2375
2396
2442
2484
2521
2531
2554
2565
2591
2612
2618
2623
2640
2642
2672
2728
2731
2763
2774
2780
2806
2851
2870
2883
2885
2891
2896
2923
2939
2962
2966
3002
3003
3046
3072
3088
3092
3165
3178
3192
3205
3211
3220
3263
3268
3286
3300
3302
3310
3316
3327
3330
3337
3387
3426
3445
3451
3453
3490
3508
3533
3558
3565
3584
3608
3616
3620
3629
3633
3645
3696
3707
3727
3741
3743
3756
3767
3768
3770
3798
3830
3841
3854
3873
3882
3911
4013
4022
4074
4099
4200
4205
4211
4290
4303
4334
4347
4379
4387
4412
4414
4449
4475
4555
4569
4577
4578
4582
4622
4631
4666
4722
4739
4785
4790
4791
4812
4830
4858
4869
4874
4888
4902
4904
4911
4914
4917
4925
4937
4970
4973
4981
4984
5000
5006
5041
5074
5087
5089
5113
5119
5167
5192
5229
5249
5301
5383
5407
5426
5429
5430
5444
5448
5460
5464
5474
5485
5493
5505
5507
5516
5527
5544
5548
5555
5557
5562
5641
5653
5668
5674
5680
5683
5702
5719
5754
5764
5775
5781
5783
5865
5873
5894
5896
5937
5942
5967
5977
5978
5985
6004
6021
6049
6052
6055
6060
6062
6068
6086
6106
6124
6194
6213
6226
6257
6275
6325
6357
6375
6469
6473
6475
6500
6513
6522
6524
6577
6580
6591
6603
6638
6641
6652
6719
6721
6725
6762
6777
6778
6854
6864
6888
6906
6908
6922
6930
6943
6998
7004
7017
7045
7095
7105
7144
7179
7238
7253
7263
7286
7328
7355
7368
7389
7407
7428
7431
7437
7446
7453
7455
7460
7474
7579
7601
7610
7647
7680
7691
7700
7713
7742
7751
7787
7801
7827
7840
7851
7860
7895
7907
7932
7939
7972
8020
8034
8039
8052
8089
8152
8186
8208
8229
8244
8260
8291
8396
8428
8435
8438
8457
8475
8491
8494
8497
8515
8527
8566
8578
8579
8583
8596
8607
8608
8610
8679
8692
8717
8770
8791
8809
8843
8862
8874
8907
8927
8947
8957
8967
8996
9053
9066
9092
9116
9135
9153
9154
9157
9166
9172
9187
9198
9217
9230
9292
9321
9347
9353
9376
9406
9416
9432
9435
9437
9439
9451
9456
9457
