16
23
95
111
134
141
143
235
238
240
280
304
312
322
420
423
438
444
450
484
489
494
502
516
547
550
581
588
620
624
669
673
676
697
699
712
803
843
853
873
891
895
901
982
996
1005
1011
1039
1060
1159
1186
1188
1207
1209
1233
1234
1250
1303
1363
1412
1430
1432
1438
1442
1459
1490
1496
1518
1527
1535
1616
1631
1634
1647
1652
1678
1679
1710
1723
1732
1833
1845
1877
1879
1886
1890
1942
1982
1987
2009
2035
2085
2139
2198
2202
2211
2223
2232
2242
2245
2260
2298
2335
2337
2341
2361
2401
2416
2433
2438
2464
2471
2475
2482
2511
2530
2534
2547
2593
2602
2677
2678
2749
2772
2776
2778
2856
2876
2914
2925
2958
3003
3012
3020
3035
3037
3040
3043
3053
3087
3149
3180
3195
3207
3210
3232
3236
3249
3289
3292
3296
3343
3347
3356
3368
3380
3383
3431
3449
3479
3538
3542
3552
3564
3574
3579
3580
3650
3654
3655
3692
3696
3700
3718
3736
3744
3751
3757
3760
3766
3800
3914
3931
3940
3965
3986
3991
4020
4058
4081
4087
4095
4097
4163
4175
4192
4212
4247
4263
4270
4297
4303
4308
4330
4341
4354
4385
4406
4407
4425
4459
4474
4507
4527
4550
4571
4589
4619
4639
4687
4700
4727
4747
4755
4764
4786
4822
4865
4871
4887
4896
4931
4943
4997
5032
5033
5056
5073
5083
5126
5154
5184
5217
5232
5233
5241
5274
5279
5292
5339
5341
5345
5353
5379
5387
5391
5398
5436
5437
5441
5490
5532
5536
5540
5579
5638
5651
5657
5714
5739
5746
5755
5760
5769
5773
5787
5796
5800
5850
5896
5963
5998
6003
6016
6041
6044
6047
6067
6078
6089
6095
6109
6145
6181
6188
6298
6309
6354
6372
6422
6470
6477
6492
6508
6521
6527
6561
6563
6583
6615
6722
6731
6736
6755
6767
6795
6798
6829
6858
6875
6878
6881
6888
6949
6958
6969
7013
7028
7038
7083
7106
7114
7124
7130
7137
7147
7191
7205
7212
7217
7225
7237
7273
7338
7360
7439
7474
7503
7505
7509
7528
7535
7559
7564
7580
7583
7682
7724
7745
7766
7786
7797
7807
7827
7832
7844
7862
7924
7928
7944
7952
7958
7976
7983
8019
8036
8039
8068
8081
8084
8091
8112
8127
8136
8148
8150
8155
8193
8196
8213
8275
8294
8303
8326
8411
8425
8445
8463
8464
8481
8482
8502
8533
8558
8604
8605
8606
8630
8651
8700
8719
8730
8737
8766
8797
8799
8809
8814
8816
8825
8831
8854
8858
8899
8916
8932
8962
8981
8988
8992
9012
9040
9053
9054
9088
9103
9134
9153
9184
9186
9187
9189
9190
9191
9192
9193
9195
9198
9199
9203
9208
9209
9210
9211
9212
9214
9215
9216
9217
9218
9220
