13
20
23
31
45
47
79
91
92
100
104
124
148
199
210
216
217
242
246
267
268
275
322
360
411
420
432
451
472
516
548
566
587
607
608
627
633
699
720
744
752
772
780
784
792
803
837
844
850
867
870
873
916
960
1026
1060
1142
1153
1165
1167
1228
1239
1294
1311
1319
1320
1336
1354
1355
1370
1380
1382
1434
1475
1532
1562
1578
1666
1668
1713
1728
1740
1746
1769
1794
1795
1799
1846
1848
1878
1894
1904
1934
1935
1936
1973
1989
2054
2097
2132
2245
2272
2283
2299
2300
2313
2337
2377
2409
2458
2473
2485
2488
2497
2506
2510
2513
2532
2538
2549
2553
2566
2569
2600
2692
2707
2772
2789
2838
2846
2854
2860
2861
2878
2883
2919
2935
2943
2944
2965
2986
3007
3040
3104
3107
3142
3154
3170
3184
3227
3239
3258
3350
3389
3414
3437
3442
3448
3460
3466
3480
3573
3605
3617
3630
3637
3639
3668
3674
3760
3764
3785
3792
3808
3811
3829
3852
3861
3876
3912
3913
3931
3933
3943
3963
3995
3996
4016
4026
4048
4052
4075
4082
4110
4121
4165
4194
4218
4238
4253
4278
4307
4308
4311
4331
4347
4350
4352
4371
4373
4382
4398
4413
4416
4440
4461
4482
4487
4509
4510
4524
4525
4596
4633
4649
4676
4702
4744
4745
4761
4782
4832
4890
4916
4954
4989
5007
5067
5068
5097
5204
5213
5279
5284
5315
5346
5381
5411
5417
5419
5457
5468
5472
5477
5511
5535
5545
5551
5617
5636
5643
5646
5648
5667
5684
5763
5767
5782
5785
5799
5824
5834
5916
5917
5919
5933
5947
5967
5986
6004
6019
6038
6048
6063
6074
6079
6083
6094
6127
6134
6139
6146
6164
6179
6181
6187
6193
6241
6259
6279
6281
6285
6292
6311
6346
6360
6361
6368
6386
6390
6423
6436
6442
6449
6503
6522
6523
6540
6555
6572
6593
6594
6707
6745
6779
6784
6809
6810
6828
6832
6849
6853
6858
6919
6953
6957
6960
6963
6971
6991
7014
7026
7048
7050
7059
7075
7079
7089
7159
7160
7163
7202
7205
7207
7208
7221
7225
7227
7251
7256
7266
7268
7312
7317
7322
7332
7393
7449
7452
7484
7494
7525
7546
7583
7604
7607
7608
7645
7685
7694
7709
7721
7772
7799
7851
7852
7897
7900
7915
7931
7938
7944
7953
7977
8015
8025
8034
8056
8068
8077
8182
8188
8194
8199
8203
8231
8260
8286
8290
8309
8337
8398
8403
8412
8426
8430
8431
8450
8471
8506
8534
8543
8544
8545
8636
8667
8692
8699
8774
8790
8798
8808
8818
8820
8853
8885
8905
8926
8930
8962
8967
8975
8994
8995
9027
9030
9033
9062
9097
9099
9153
9241
9276
9283
9286
9298
9316
9318
9342
9369
9398
9402
9434
9442
9475
9478
9479
