28
30
71
106
112
135
148
207
217
241
253
273
291
292
307
335
340
358
360
388
421
442
443
472
538
548
551
557
571
595
605
705
730
750
761
764
847
849
856
879
918
933
1003
1063
1073
1077
1093
1099
1101
1105
1108
1131
1148
1164
1176
1246
1248
1309
1321
1349
1399
1471
1487
1494
1516
1521
1535
1557
1598
1610
1645
1715
1774
1783
1815
1819
1829
1861
1868
1869
1882
1884
1916
1926
1995
2022
2038
2110
2137
2151
2182
2199
2206
2232
2259
2260
2263
2311
2330
2439
2440
2455
2466
2472
2477
2563
2579
2595
2603
2606
2620
2688
2700
2701
2738
2760
2763
2780
2783
2834
2881
2903
2946
2990
3033
3061
3064
3067
3087
3104
3134
3146
3148
3156
3196
3220
3242
3248
3301
3303
3314
3356
3371
3373
3374
3413
3436
3474
3479
3495
3498
3552
3580
3583
3586
3598
3600
3610
3648
3665
3707
3728
3759
3773
3799
3813
3837
3852
3869
3882
3883
3889
3899
3936
4002
4007
4008
4033
4058
4089
4098
4124
4143
4163
4202
4222
4263
4328
4381
4382
4471
4503
4517
4526
4545
4553
4573
4586
4617
4634
4649
4650
4667
4679
4698
4701
4702
4709
4739
4746
4766
4800
4826
4829
4842
4862
4879
4905
4917
4925
4934
4937
4986
5017
5101
5146
5152
5178
5184
5198
5202
5207
5213
5216
5236
5256
5301
5311
5319
5326
5331
5368
5392
5412
5421
5429
5448
5509
5533
5557
5562
5567
5569
5571
5589
5607
5619
5620
5646
5668
5674
5687
5698
5742
5751
5766
5791
5812
5815
5825
5827
5834
5926
5928
5930
5953
5968
5989
6000
6012
6023
6038
6066
6106
6156
6159
6169
6171
6191
6209
6281
6286
6307
6345
6379
6380
6395
6401
6413
6416
6427
6439
6452
6461
6473
6475
6479
6490
6497
6532
6534
6546
6596
6620
6625
6630
6682
6696
6707
6724
6727
6774
6780
6810
6821
6847
6902
6904
6915
6932
6950
6958
6977
6980
6990
6993
7009
7028
7031
7061
7070
7100
7125
7145
7164
7171
7183
7201
7211
7216
7266
7317
7333
7363
7368
7416
7435
7467
7524
7556
7559
7581
7593
7596
7634
7730
7742
7743
7744
7759
7763
7766
7768
7805
7833
7838
7856
7862
7901
7948
7950
7979
7984
8050
8056
8068
8076
8083
8094
8096
8107
8110
8197
8216
8231
8233
8309
8315
8339
8365
8373
8376
8403
8404
8408
8431
8432
8448
8458
8486
8494
8526
8534
8559
8566
8596
8610
8611
8623
8639
8664
8674
8688
8694
8700
8715
8745
8766
8820
8823
8857
8871
8882
8913
8915
8918
8927
8961
8996
9053
9071
9088
9091
9101
9143
9160
9174
9183
9201
9202
9213
9255
9260
9263
9325
9350
9366
9392
9407
9410
9438
9464
9470
9474
9475
9476
9477
