1
11
24
79
106
116
159
160
167
205
216
222
225
258
259
303
355
396
422
463
465
474
512
524
539
606
608
631
649
653
654
665
773
779
797
819
821
883
898
916
917
920
934
961
1000
1011
1012
1020
1022
1058
1076
1080
1126
1127
1132
1139
1147
1160
1162
1166
1191
1193
1218
1220
1225
1243
1321
1325
1349
1371
1411
1413
1415
1442
1447
1470
1512
1552
1592
1600
1602
1603
1609
1629
1635
1669
1673
1696
1699
1701
1704
1714
1717
1741
1751
1767
1769
1829
1833
1870
1889
1892
1901
1910
1920
1921
1925
1940
1962
1976
1998
2020
2045
2061
2074
2094
2143
2151
2159
2164
2172
2199
2203
2204
2213
2313
2322
2346
2390
2403
2445
2457
2468
2472
2473
2514
2515
2524
2529
2532
2540
2552
2567
2581
2629
2635
2656
2705
2707
2708
2716
2733
2775
2776
2780
2806
2810
2829
2883
2888
2922
2934
2961
2963
2967
3037
3057
3094
3097
3101
3126
3145
3152
3164
3174
3180
3210
3213
3262
3286
3299
3303
3330
3352
3362
3377
3396
3398
3420
3424
3437
3460
3482
3487
3530
3531
3550
3568
3620
3649
3679
3683
3708
3710
3720
3734
3754
3764
3784
3795
3798
3845
3851
3852
3868
3869
3879
3899
3958
3960
3975
3987
4012
4062
4105
4120
4129
4161
4207
4227
4300
4304
4337
4353
4354
4367
4394
4398
4428
4478
4482
4524
4559
4606
4624
4631
4641
4642
4651
4656
4661
4705
4706
4728
4752
4760
4780
4791
4803
4843
4911
4937
4952
4962
4997
5053
5054
5118
5128
5137
5160
5164
5175
5187
5218
5222
5225
5266
5297
5333
5395
5400
5427
5453
5457
5521
5543
5601
5613
5629
5631
5642
5655
5685
5713
5738
5749
5753
5758
5764
5765
5791
5825
5826
5832
5862
5871
5897
5948
5968
5977
5991
6011
6066
6070
6108
6112
6128
6143
6146
6179
6196
6203
6292
6297
6326
6332
6333
6388
6418
6426
6428
6438
6440
6452
6456
6481
6492
6506
6525
6532
6576
6594
6609
6669
6683
6699
6715
6723
6767
6783
6784
6791
6803
6823
6824
6835
6847
6852
6902
6910
6927
6951
6960
6988
7034
7117
7131
7156
7187
7192
7230
7233
7248
7256
7292
7304
7329
7340
7346
7347
7348
7351
7352
7373
7398
7420
7448
7449
7506
7530
7543
7548
7585
7601
7608
7690
7692
7795
7808
7832
7845
7876
7892
7920
7940
7960
7984
7991
8002
8063
8076
8150
8154
8173
8181
8226
8232
8252
8273
8314
8331
8359
8386
8388
8401
8413
8416
8421
8492
8524
8556
8576
8595
8654
8670
8700
8741
8808
8813
8838
8878
8895
8901
8904
8914
8948
8972
9025
9026
9028
9030
9031
9034
9035
9036
9038
9040
9041
9050
9052
9053
9054
9056
9058
9059
9060
9061
9064
