8
24
84
99
119
123
168
189
264
296
330
331
341
377
392
469
487
519
650
652
653
675
735
743
762
818
827
831
841
842
860
874
884
901
927
936
947
957
984
1009
1037
1056
1083
1113
1152
1161
1166
1220
1224
1245
1268
1273
1278
1309
1325
1345
1353
1425
1434
1474
1484
1516
1542
1544
1577
1591
1597
1628
1634
1639
1682
1695
1726
1741
1771
1786
1789
1800
1827
1831
1863
1885
1911
1914
1921
1924
1930
1934
1944
1945
1963
1972
2006
2014
2040
2047
2051
2055
2065
2072
2090
2115
2127
2151
2176
2214
2217
2221
2246
2260
2303
2340
2344
2356
2357
2362
2373
2376
2380
2430
2439
2440
2449
2455
2494
2526
2552
2566
2579
2583
2604
2610
2611
2672
2691
2743
2757
2765
2807
2811
2827
2834
2903
2915
2946
2975
2997
3014
3076
3115
3117
3118
3121
3181
3190
3192
3204
3206
3270
3284
3288
3300
3304
3315
3336
3349
3378
3386
3396
3433
3474
3487
3529
3540
3556
3562
3568
3585
3645
3692
3724
3750
3756
3762
3794
3810
3812
3822
3826
3839
3844
3862
3863
3867
3885
3893
3905
3908
3939
3942
3951
3996
4007
4009
4020
4039
4042
4062
4078
4088
4096
4105
4116
4154
4174
4177
4184
4204
4211
4226
4271
4347
4403
4429
4457
4469
4486
4493
4496
4499
4559
4561
4599
4627
4629
4641
4656
4659
4664
4680
4686
4702
4759
4820
4829
4835
4861
4903
4913
4915
4922
4930
4932
4979
4983
4991
5030
5037
5052
5069
5087
5104
5119
5125
5149
5158
5189
5235
5247
5300
5334
5349
5365
5391
5401
5421
5429
5436
5458
5484
5486
5488
5561
5563
5568
5569
5576
5585
5593
5598
5605
5609
5625
5626
5717
5724
5726
5737
5779
5793
5822
5840
5871
5876
5880
5912
5984
5993
6031
6055
6090
6107
6118
6121
6126
6153
6187
6221
6229
6230
6243
6296
6310
6315
6332
6345
6364
6407
6482
6517
6535
6560
6581
6603
6604
6618
6622
6672
6674
6785
6792
6793
6815
6843
6861
6872
6881
6884
6964
6972
6996
7005
7044
7055
7058
7129
7133
7144
7151
7270
7292
7326
7327
7330
7337
7341
7374
7405
7412
7511
7512
7521
7535
7624
7677
7684
7701
7718
7725
7791
7796
7816
7817
7839
7860
7878
7884
7905
7909
7943
7947
7987
7998
8047
8093
8102
8111
8137
8184
8198
8230
8247
8249
8294
8305
8310
8317
8322
8336
8362
8375
8390
8398
8471
8477
8501
8516
8551
8552
8590
8602
8632
8634
8688
8720
8724
8773
8837
8856
8860
8862
8865
8867
8868
8871
8873
8884
8885
8890
8891
8895
8896
8897
8898
8900
8901
8904
8907
8913
8916
8917
8919
8922
8927
8929
8935
8938
8942
8944
8945
8950
8952
