6
9
36
58
70
96
115
136
161
173
183
185
187
190
191
208
241
277
280
311
315
332
375
391
398
418
442
480
495
605
613
616
620
652
653
654
656
684
694
697
706
725
752
768
816
840
846
854
855
930
951
961
978
1010
1025
1034
1054
1075
1129
1132
1133
1140
1169
1174
1177
1182
1235
1245
1252
1253
1262
1270
1272
1292
1307
1353
1356
1393
1406
1418
1460
1499
1511
1566
1595
1617
1625
1648
1652
1656
1667
1680
1696
1705
1720
1737
1753
1754
1758
1786
1789
1815
1816
1819
1881
1886
1953
1982
1988
2064
2080
2102
2123
2133
2150
2167
2177
2179
2188
2189
2231
2237
2309
2315
2324
2334
2346
2377
2416
2425
2428
2431
2478
2482
2508
2515
2530
2537
2540
2559
2567
2595
2602
2631
2643
2647
2649
2695
2708
2716
2721
2749
2783
2798
2853
2865
2883
2894
2898
2942
2944
2974
2998
3007
3010
3023
3045
3051
3075
3084
3112
3128
3144
3169
3175
3180
3199
3222
3280
3299
3340
3365
3369
3443
3511
3512
3535
3536
3537
3539
3545
3583
3710
3731
3734
3754
3761
3773
3788
3806
3821
3893
3947
3950
3964
4019
4053
4064
4169
4197
4209
4226
4232
4233
4267
4308
4313
4331
4369
4417
4420
4425
4447
4449
4456
4485
4497
4503
4512
4528
4556
4560
4604
4655
4667
4672
4725
4818
4845
4849
4852
4859
4888
4900
4920
4983
4991
5048
5059
5061
5074
5088
5090
5094
5123
5149
5151
5156
5161
5185
5201
5217
5219
5225
5254
5260
5339
5392
5404
5414
5446
5534
5545
5554
5559
5590
5610
5611
5644
5655
5663
5671
5711
5725
5758
5767
5797
5814
5826
5842
5854
5857
5892
5901
5935
5948
5992
5997
5998
6036
6043
6082
6166
6178
6179
6231
6243
6253
6269
6275
6317
6331
6425
6436
6444
6456
6493
6527
6539
6559
6564
6586
6589
6594
6607
6618
6621
6622
6641
6666
6687
6700
6704
6710
6712
6715
6789
6811
6825
6840
6868
6887
6915
6957
6961
6987
7049
7106
7107
7113
7139
7152
7176
7205
7222
7229
7233
7266
7267
7282
7301
7374
7378
7402
7422
7437
7453
7473
7475
7483
7484
7511
7518
7586
7591
7594
7614
7617
7629
7630
7668
7679
7683
7690
7704
7714
7729
7768
7792
7809
7817
7825
7844
7858
7868
7878
7880
7940
7945
7955
7984
8023
8038
8130
8148
8185
8230
8238
8262
8265
8270
8275
8304
8354
8453
8454
8464
8492
8493
8494
8501
8503
8516
8539
8560
8570
8621
8627
8632
8648
8659
8668
8688
8721
8743
8762
8772
8780
8801
8887
8913
8928
8966
8993
9002
9006
9014
9023
9029
9105
9113
9152
9170
9202
9206
9230
9249
9262
9283
9287
9305
9319
9374
9378
9386
9414
9434
