41
74
106
114
158
195
205
231
237
249
297
360
367
386
416
420
454
456
490
495
510
519
536
539
548
550
569
580
588
597
614
628
640
713
722
789
811
819
820
859
894
952
972
977
978
1012
1029
1052
1077
1092
1097
1111
1124
1144
1165
1183
1184
1209
1228
1234
1291
1311
1326
1337
1340
1383
1395
1412
1415
1425
1454
1459
1466
1473
1491
1547
1564
1583
1601
1615
1620
1691
1692
1715
1729
1738
1764
1798
1815
1839
1857
1888
1889
1925
1940
1946
1990
2008
2040
2079
2103
2112
2153
2157
2158
2186
2190
2193
2225
2295
2375
2387
2411
2430
2474
2486
2487
2489
2492
2504
2536
2551
2556
2591
2598
2608
2644
2684
2687
2703
2728
2732
2737
2739
2744
2779
2828
2860
2888
2919
2923
2941
2971
2990
2994
3006
3013
3037
3049
3106
3113
3140
3143
3147
3176
3188
3232
3296
3303
3335
3361
3382
3411
3425
3438
3499
3539
3562
3596
3600
3649
3679
3701
3739
3759
3760
3773
3796
3811
3820
3825
3834
3841
3849
3869
3873
3884
3886
3902
3907
3921
3927
4006
4007
4049
4055
4089
4091
4099
4114
4127
4136
4144
4194
4203
4219
4247
4300
4312
4348
4359
4370
4375
4377
4416
4475
4497
4504
4521
4526
4548
4613
4628
4643
4676
4684
4688
4697
4766
4786
4808
4825
4847
4859
4881
4901
4918
4938
4941
4947
4983
5000
5020
5021
5028
5050
5058
5089
5091
5092
5106
5155
5162
5178
5183
5205
5207
5208
5230
5246
5253
5260
5262
5272
5340
5341
5342
5344
5347
5425
5459
5474
5644
5647
5657
5664
5671
5683
5721
5728
5739
5761
5795
5802
5831
5832
5837
5858
5882
5892
5901
5914
5942
5966
6022
6052
6065
6087
6130
6150
6187
6215
6217
6223
6236
6244
6269
6271
6323
6325
6331
6341
6353
6377
6390
6407
6416
6432
6440
6453
6504
6507
6536
6548
6560
6582
6589
6598
6610
6628
6655
6662
6681
6738
6763
6773
6797
6802
6910
6924
6946
6998
7028
7034
7042
7055
7128
7239
7242
7277
7330
7434
7437
7443
7446
7485
7498
7504
7527
7551
7557
7569
7571
7605
7611
7615
7632
7639
7659
7665
7669
7720
7738
7783
7812
7814
7830
7855
7863
7864
7867
7887
7903
7911
7925
7926
7929
7932
7934
7943
7945
8003
8010
8019
8029
8037
8055
8062
8088
8099
8112
8114
8117
8123
8127
8137
8145
8165
8169
8182
8201
8237
8292
8358
8362
8363
8375
8393
8419
8447
8461
8465
8495
8500
8510
8553
8609
8627
8670
8685
8690
8695
8779
8849
8933
8935
8956
8983
9002
9010
9036
9056
9065
9073
9088
9101
9129
9133
9137
9169
9193
9195
9206
9234
9287
9306
9318
9355
9360
9379
9380
9396
9399
9408
9413
9414
9415
9416
