5
20
52
140
195
198
204
217
221
247
255
275
287
320
362
365
396
427
431
454
484
582
596
611
649
666
671
689
718
725
750
761
764
769
868
905
910
912
927
933
957
1001
1037
1041
1117
1127
1151
1154
1158
1175
1235
1236
1244
1267
1296
1331
1333
1374
1382
1422
1426
1457
1464
1466
1472
1480
1490
1553
1557
1564
1622
1642
1652
1665
1675
1679
1714
1720
1749
1761
1812
1824
1847
1864
1901
1996
1998
2016
2021
2035
2100
2134
2139
2151
2205
2218
2228
2233
2235
2245
2265
2278
2338
2410
2435
2451
2462
2466
2521
2596
2626
2637
2652
2675
2705
2712
2750
2761
2817
2833
2843
2856
2864
2895
2916
2946
2979
2985
2994
3012
3026
3059
3062
3070
3073
3093
3110
3112
3169
3180
3207
3221
3253
3255
3256
3260
3292
3302
3316
3336
3350
3365
3382
3404
3458
3473
3482
3491
3498
3515
3519
3529
3538
3562
3588
3601
3630
3638
3663
3668
3684
3699
3715
3728
3735
3744
3759
3765
3767
3804
3811
3820
3831
3832
3846
3885
3910
3911
3922
3938
3940
3942
3952
4013
4102
4123
4128
4132
4136
4138
4142
4165
4191
4206
4212
4225
4229
4235
4257
4306
4321
4325
4344
4372
4393
4399
4439
4445
4448
4450
4465
4475
4491
4544
4574
4581
4609
4657
4669
4675
4699
4702
4729
4741
4746
4766
4789
4797
4819
4837
4847
4859
4926
4930
4932
4967
4974
4980
4986
5005
5017
5022
5035
5062
5124
5136
5197
5200
5209
5216
5228
5281
5295
5307
5316
5319
5346
5358
5374
5387
5393
5412
5423
5425
5440
5459
5474
5477
5519
5548
5573
5586
5589
5615
5628
5635
5639
5647
5706
5752
5832
5886
5891
5907
5915
5916
5917
5927
5946
5954
5986
5988
5997
5998
5999
6009
6017
6029
6063
6066
6086
6094
6107
6165
6168
6269
6284
6312
6339
6353
6357
6376
6388
6434
6452
6463
6525
6548
6560
6574
6586
6608
6612
6628
6632
6651
6665
6679
6687
6724
6771
6778
6829
6893
6900
6934
6955
6965
6966
6990
7011
7057
7070
7084
7098
7106
7132
7133
7143
7204
7206
7210
7225
7239
7300
7328
7338
7368
7381
7408
7422
7428
7463
7514
7548
7554
7564
7580
7603
7604
7627
7632
7633
7642
7652
7685
7694
7720
7731
7732
7746
7755
7809
7834
7858
7882
7907
7919
7924
7964
7966
7980
7985
8003
8004
8005
8006
8008
8009
8012
8017
8021
8022
8026
8027
8028
8029
8030
8032
8039
8040
8041
8042
8043
8054
8055
8056
8063
8066
8073
8074
8075
8076
8077
8081
8082
8089
8091
8100
8105
8106
8110
8120
8125
8135
8137
8140
8141
8155
8161
8167
8168
8170
8176
8178
8186
8189
8190
