19
40
82
104
115
128
135
149
189
199
239
268
284
285
291
296
340
348
383
483
489
492
504
512
519
526
546
552
553
557
562
573
575
613
640
641
651
661
665
672
687
720
740
741
749
772
775
777
778
798
799
802
818
866
881
894
900
904
914
945
966
972
979
985
987
989
1023
1033
1124
1143
1145
1165
1174
1205
1215
1221
1239
1248
1269
1277
1291
1320
1325
1326
1336
1341
1349
1368
1372
1467
1469
1481
1483
1503
1517
1523
1552
1561
1573
1591
1598
1697
1757
1792
1844
1856
1861
1867
1870
1896
1921
1947
1954
1971
2012
2020
2081
2095
2106
2113
2148
2155
2167
2201
2216
2223
2224
2234
2239
2255
2258
2284
2286
2288
2360
2362
2378
2394
2396
2399
2434
2452
2470
2473
2498
2547
2561
2564
2611
2641
2670
2746
2771
2789
2859
2864
2866
2871
2872
2907
2917
2954
2965
2967
2972
2986
2989
3019
3044
3056
3060
3077
3095
3128
3134
3160
3173
3190
3191
3213
3251
3275
3300
3303
3314
3342
3343
3382
3383
3389
3482
3544
3566
3589
3591
3604
3606
3637
3679
3682
3727
3729
3766
3783
3798
3828
3846
3851
3873
3973
4014
4015
4048
4104
4122
4166
4174
4188
4189
4218
4233
4237
4287
4288
4294
4296
4331
4371
4399
4450
4491
4507
4522
4523
4549
4621
4625
4638
4640
4662
4669
4678
4692
4703
4714
4716
4721
4811
4841
4870
4899
4920
4921
4926
4936
4956
4978
5014
5030
5046
5048
5073
5131
5138
5168
5170
5172
5205
5217
5222
5246
5271
5324
5360
5374
5387
5394
5399
5424
5425
5495
5529
5537
5542
5553
5556
5581
5583
5588
5604
5643
5662
5681
5688
5698
5704
5715
5772
5847
5849
5962
5972
5973
6001
6028
6038
6041
6047
6056
6083
6152
6169
6176
6203
6272
6283
6387
6405
6422
6474
6528
6599
6614
6643
6672
6674
6678
6681
6736
6815
6820
6831
6845
6855
6856
6866
6891
6920
6939
6972
6990
6999
7046
7058
7125
7129
7133
7174
7261
7271
7296
7303
7309
7328
7330
7362
7368
7376
7381
7399
7437
7459
7462
7468
7487
7503
7507
7513
7522
7577
7581
7582
7588
7646
7647
7652
7655
7669
7691
7716
7717
7719
7724
7751
7761
7822
7865
7868
7877
7886
7898
7906
7973
7993
8052
8053
8055
8071
8085
8108
8127
8175
8176
8180
8182
8196
8218
8267
8272
8301
8321
8325
8359
8360
8363
8374
8388
8531
8544
8545
8552
8571
8578
8585
8653
8695
8731
8750
8753
8782
8788
8803
8816
8853
8856
8857
8867
8877
8884
8956
8983
8988
8989
8999
9005
9071
9110
9131
9145
9193
9194
9230
9234
9241
9254
9261
9270
9271
9272
9275
9276
9277
