17
25
28
45
46
69
100
103
137
182
199
227
238
240
289
319
324
365
373
375
389
433
472
478
506
512
515
534
560
571
614
638
678
705
725
726
744
756
766
840
878
884
901
908
930
966
970
983
990
1013
1073
1075
1105
1114
1126
1129
1131
1138
1191
1208
1212
1248
1255
1257
1274
1295
1301
1405
1422
1482
1484
1509
1603
1612
1623
1709
1718
1721
1726
1740
1747
1776
1790
1799
1810
1823
1834
1849
1876
1902
1929
1980
1983
1986
2010
2019
2038
2083
2097
2110
2140
2157
2195
2240
2245
2259
2270
2271
2274
2287
2367
2369
2375
2387
2449
2459
2461
2551
2566
2578
2582
2592
2657
2692
2751
2759
2785
2823
2843
2845
2853
2879
2888
2901
2917
2937
2943
2980
3002
3029
3051
3068
3071
3072
3086
3102
3111
3115
3121
3135
3164
3172
3182
3226
3229
3250
3266
3275
3292
3294
3310
3329
3343
3348
3364
3392
3401
3408
3409
3416
3436
3458
3460
3468
3533
3539
3546
3569
3623
3630
3650
3668
3695
3720
3736
3777
3780
3797
3804
3821
3822
3865
3881
3885
3918
3925
3932
3934
3950
3986
3993
4032
4038
4060
4099
4150
4187
4197
4211
4213
4216
4230
4280
4282
4319
4396
4405
4424
4426
4512
4517
4518
4530
4546
4592
4618
4650
4652
4674
4687
4702
4712
4734
4735
4738
4779
4800
4819
4829
4855
4878
4926
4974
4998
5058
5084
5096
5101
5107
5115
5126
5140
5153
5215
5227
5240
5261
5263
5277
5283
5309
5318
5321
5352
5373
5385
5466
5484
5492
5503
5521
5523
5525
5527
5533
5536
5538
5580
5587
5598
5624
5636
5648
5664
5700
5725
5751
5774
5785
5820
5826
5860
5878
5932
5952
5955
5977
5993
6047
6064
6089
6090
6109
6120
6145
6149
6153
6158
6180
6189
6191
6225
6263
6314
6346
6374
6386
6414
6429
6447
6528
6546
6592
6630
6636
6642
6644
6676
6677
6712
6713
6714
6719
6747
6749
6766
6770
6771
6822
6853
6895
6901
6937
6946
6959
6964
6980
6986
7006
7015
7065
7069
7071
7094
7116
7122
7143
7234
7236
7238
7262
7271
7320
7389
7390
7436
7441
7457
7488
7505
7524
7567
7606
7638
7654
7698
7701
7734
7787
7791
7814
7826
7840
7854
7856
7874
7876
7882
7888
7892
7900
7906
7922
7930
7941
7948
7974
7999
8050
8088
8114
8127
8129
8183
8217
8218
8220
8222
8233
8265
8288
8290
8302
8309
8319
8321
8364
8417
8429
8478
8492
8495
8527
8532
8538
8543
8550
8580
8592
8597
8647
8681
8773
8799
8805
8810
8824
8825
8833
8834
8839
8925
8926
8933
8954
8966
8988
8996
9057
9060
9091
9097
9109
9149
9152
9157
9165
9212
9215
9224
9269
9290
9342
9349
9353
9400
9433
9434
