4
15
22
49
73
78
85
107
138
143
144
148
198
214
227
254
276
280
292
345
372
375
376
386
388
395
471
506
507
534
543
545
591
607
610
633
634
659
671
672
711
718
722
743
745
754
783
793
820
860
988
1012
1013
1029
1052
1087
1094
1143
1147
1160
1161
1163
1166
1174
1184
1205
1231
1245
1247
1258
1264
1273
1281
1308
1322
1345
1384
1409
1470
1487
1518
1519
1522
1529
1558
1563
1574
1587
1605
1649
1715
1737
1777
1786
1805
1814
1819
1836
1869
1917
1924
1933
1941
1952
1959
1989
2032
2039
2044
2079
2088
2104
2172
2177
2222
2234
2238
2250
2339
2397
2403
2414
2419
2432
2478
2498
2524
2536
2540
2565
2573
2602
2607
2611
2664
2680
2685
2693
2739
2822
2843
2896
2899
2906
2955
2956
2958
3018
3031
3047
3048
3056
3061
3099
3109
3147
3149
3164
3185
3191
3197
3211
3232
3236
3239
3252
3286
3296
3315
3331
3338
3351
3352
3356
3372
3377
3394
3402
3405
3407
3422
3435
3442
3478
3485
3487
3494
3506
3509
3511
3524
3534
3543
3560
3609
3611
3635
3661
3680
3720
3737
3748
3767
3802
3880
3883
3937
3950
3951
3959
3972
4020
4025
4033
4046
4136
4158
4162
4202
4204
4210
4220
4265
4267
4319
4339
4357
4381
4392
4467
4484
4492
4500
4512
4523
4531
4570
4614
4630
4680
4685
4686
4695
4721
4728
4747
4794
4801
4828
4857
4874
4910
4938
4948
4953
4963
4973
4980
4994
5008
5017
5029
5036
5058
5063
5077
5092
5094
5103
5140
5183
5205
5277
5279
5322
5331
5339
5360
5368
5374
5382
5437
5441
5451
5454
5460
5496
5538
5539
5605
5609
5628
5701
5734
5792
5805
5815
5821
5835
5864
5868
5882
5893
5906
5924
5928
5987
6003
6016
6057
6061
6072
6084
6085
6096
6180
6181
6194
6198
6280
6281
6290
6306
6316
6340
6369
6383
6389
6407
6434
6497
6502
6559
6577
6679
6749
6766
6793
6833
6840
6842
6858
6868
6874
6883
6888
6955
6966
6978
7084
7086
7096
7140
7188
7237
7265
7268
7285
7314
7338
7350
7387
7388
7402
7425
7496
7534
7543
7621
7636
7644
7653
7667
7682
7699
7744
7748
7750
7751
7805
7819
7822
7829
7834
7875
7900
7929
7958
7971
8022
8028
8053
8076
8092
8113
8114
8132
8136
8156
8173
8218
8255
8256
8260
8292
8308
8312
8316
8317
8329
8333
8356
8378
8395
8405
8418
8463
8466
8499
8565
8571
8572
8590
8603
8606
8668
8698
8701
8718
8733
8739
8861
8867
8889
8892
8904
8911
8912
8950
8957
8989
9025
9030
9053
9089
9171
9195
9199
9215
9254
9277
9278
9297
9305
9329
9348
9377
9393
9394
9423
9449
9451
9467
9490
9494
