10
23
55
68
76
113
116
141
182
229
235
238
251
264
277
279
306
351
364
366
370
418
441
454
460
491
537
548
600
619
648
649
657
661
689
691
707
718
774
780
786
809
811
827
852
855
876
906
928
960
964
970
988
1010
1028
1042
1074
1089
1093
1115
1154
1156
1193
1196
1211
1235
1268
1286
1288
1326
1349
1367
1425
1448
1499
1516
1539
1557
1566
1578
1580
1593
1611
1640
1643
1694
1714
1715
1737
1740
1744
1746
1795
1803
1839
1848
1877
1879
1911
1937
1949
1967
2002
2025
2036
2039
2103
2145
2171
2190
2232
2233
2254
2259
2265
2271
2337
2375
2390
2396
2423
2429
2434
2436
2453
2468
2502
2533
2561
2566
2572
2574
2578
2622
2633
2637
2685
2724
2736
2744
2751
2779
2826
2838
2881
2893
2911
2926
2930
2934
2973
2980
2985
3007
3097
3135
3170
3176
3181
3182
3192
3200
3210
3236
3244
3277
3308
3335
3349
3355
3397
3405
3406
3456
3522
3533
3539
3559
3576
3581
3583
3586
3648
3651
3664
3688
3708
3740
3776
3779
3823
3834
3838
3843
3862
3870
3888
3910
3959
3961
3969
3985
3997
4020
4022
4056
4141
4285
4307
4340
4342
4343
4378
4379
4381
4417
4436
4450
4528
4574
4600
4646
4647
4708
4715
4728
4758
4773
4811
4820
4831
4840
4844
4848
4872
4938
4952
4954
4958
4959
4984
5016
5017
5032
5040
5135
5136
5150
5154
5166
5197
5226
5236
5262
5300
5325
5329
5362
5374
5396
5409
5450
5479
5480
5487
5492
5525
5595
5646
5669
5679
5695
5703
5785
5789
5790
5791
5792
5795
5798
5800
5805
5809
5812
5815
5836
5858
5870
5879
5895
5937
5955
5961
5999
6021
6087
6104
6121
6129
6134
6157
6181
6209
6213
6282
6301
6344
6350
6357
6363
6404
6415
6422
6431
6441
6477
6497
6538
6558
6562
6564
6584
6597
6598
6709
6711
6768
6782
6793
6822
6845
6856
6861
6875
6892
6905
6912
6953
6963
6969
6989
6991
7063
7064
7090
7115
7138
7146
7151
7158
7161
7176
7218
7239
7274
7279
7283
7288
7341
7410
7434
7453
7489
7497
7501
7531
7538
7544
7549
7550
7569
7588
7618
7632
7649
7665
7679
7691
7716
7759
7766
7775
7787
7874
7877
7901
7910
7916
7919
7928
7933
7936
8022
8031
8033
8039
8044
8069
8073
8095
8181
8191
8209
8239
8266
8280
8283
8284
8291
8321
8364
8391
8396
8407
8412
8419
8428
8448
8453
8473
8478
8511
8555
8560
8607
8611
8615
8621
8647
8666
8671
8679
8731
8732
8827
8862
8884
8898
8941
8967
8983
8987
8998
9042
9098
9100
9101
9115
9117
9160
9178
9179
9200
9204
9252
9276
9288
9292
9295
9310
9327
9384
9387
9404
9408
9438
9468
9493
9496
9500
