68
70
75
98
129
135
153
155
156
158
165
177
206
217
237
293
294
312
333
374
389
391
425
434
455
508
527
547
556
586
588
613
619
621
628
633
653
656
667
670
674
685
690
713
719
742
785
814
833
876
898
912
922
1068
1073
1076
1095
1096
1175
1180
1199
1255
1270
1276
1288
1291
1300
1328
1362
1375
1446
1450
1464
1518
1530
1535
1590
1597
1602
1620
1633
1640
1649
1663
1682
1711
1716
1717
1758
1771
1783
1788
1802
1804
1809
1836
1846
1849
1851
1865
1893
1905
1934
1946
1963
1964
1977
2030
2059
2062
2075
2092
2108
2140
2155
2198
2252
2254
2277
2294
2323
2333
2369
2389
2410
2450
2503
2555
2579
2637
2640
2649
2711
2719
2726
2752
2780
2822
2829
2838
2863
2884
2886
2897
2898
2905
2926
2927
2942
2975
2989
2998
3036
3044
3046
3080
3090
3159
3173
3187
3196
3238
3240
3274
3276
3281
3305
3317
3357
3358
3366
3378
3427
3446
3448
3479
3487
3507
3560
3585
3658
3662
3669
3726
3732
3735
3744
3759
3760
3761
3775
3782
3794
3798
3804
3835
3884
3891
3895
3911
3918
3925
3929
3988
4027
4035
4134
4137
4142
4164
4193
4203
4209
4214
4218
4224
4255
4270
4341
4365
4368
4392
4436
4459
4492
4493
4513
4533
4544
4545
4612
4627
4628
4631
4642
4655
4665
4695
4702
4710
4746
4846
4864
4868
4879
4885
4920
4921
4932
4940
4974
4991
4997
5001
5018
5039
5117
5141
5144
5153
5159
5174
5194
5198
5199
5232
5233
5249
5267
5270
5279
5316
5319
5326
5345
5358
5416
5432
5456
5458
5504
5520
5536
5593
5602
5608
5625
5643
5695
5714
5717
5733
5746
5754
5761
5763
5801
5807
5813
5840
5851
5864
5903
5908
5915
5916
5940
5952
5964
5978
5990
6040
6057
6058
6062
6070
6113
6137
6178
6212
6213
6225
6250
6305
6306
6341
6372
6373
6377
6399
6447
6498
6517
6559
6573
6589
6615
6648
6715
6729
6730
6753
6754
6776
6787
6794
6811
6832
6877
6885
6890
6905
6967
6994
7067
7070
7084
7128
7180
7181
7197
7200
7208
7210
7270
7275
7282
7302
7333
7340
7360
7363
7397
7402
7405
7412
7436
7508
7509
7518
7559
7566
7633
7636
7644
7690
7698
7718
7735
7760
7837
7838
7863
7884
7900
7901
7917
7934
7945
7952
7981
7990
8157
8169
8224
8234
8235
8242
8248
8250
8262
8273
8298
8315
8338
8379
8410
8415
8442
8445
8463
8467
8525
8532
8534
8547
8574
8606
8610
8619
8697
8740
8779
8825
8827
8848
8854
8872
8887
8900
8910
8917
8970
8971
8973
8983
8990
9029
9033
9034
9112
9148
9167
9171
9191
9208
9304
9332
9347
9444
9451
9452
9453
9454
9456
