14
30
41
49
91
95
156
166
172
237
276
283
334
368
379
382
388
416
425
426
430
462
470
474
496
507
516
574
584
601
639
648
652
669
670
677
698
703
708
709
763
808
811
828
898
902
915
925
926
941
950
977
978
999
1026
1042
1053
1059
1069
1082
1109
1160
1182
1207
1245
1268
1271
1306
1310
1319
1346
1380
1394
1407
1435
1447
1555
1558
1566
1568
1587
1595
1603
1616
1621
1655
1665
1672
1686
1697
1699
1705
1750
1759
1767
1823
1867
1875
1878
1903
1927
1990
2006
2057
2071
2146
2152
2179
2196
2210
2251
2253
2258
2260
2268
2275
2329
2339
2352
2358
2435
2513
2519
2534
2557
2568
2579
2608
2655
2683
2693
2702
2759
2850
2865
2870
2927
2966
2973
2974
2978
3022
3024
3028
3043
3047
3060
3065
3129
3133
3134
3160
3256
3258
3261
3304
3314
3321
3344
3351
3392
3407
3453
3491
3510
3540
3558
3564
3565
3588
3606
3630
3634
3664
3670
3702
3705
3728
3751
3759
3803
3827
3836
3843
3870
3922
3928
3930
3951
3954
4003
4025
4035
4039
4052
4062
4063
4084
4085
4095
4111
4141
4160
4178
4201
4205
4241
4297
4325
4362
4399
4439
4442
4452
4454
4516
4518
4519
4562
4564
4581
4584
4607
4609
4622
4641
4700
4773
4776
4786
4797
4803
4899
4915
4947
4950
4995
5008
5016
5184
5186
5228
5239
5248
5267
5268
5280
5287
5293
5301
5329
5333
5362
5370
5376
5386
5423
5461
5468
5470
5480
5556
5588
5599
5616
5633
5672
5676
5689
5692
5719
5726
5768
5780
5790
5814
5907
5927
5952
6005
6060
6067
6075
6090
6116
6128
6138
6201
6211
6213
6217
6218
6261
6270
6294
6303
6348
6349
6414
6425
6494
6497
6567
6596
6626
6634
6640
6693
6726
6739
6744
6749
6786
6812
6861
6868
6916
6982
6983
6990
7006
7031
7059
7079
7095
7123
7164
7168
7198
7223
7234
7235
7241
7249
7257
7261
7278
7284
7325
7349
7351
7354
7360
7362
7367
7378
7435
7436
7491
7521
7524
7527
7550
7569
7587
7610
7675
7679
7725
7755
7784
7787
7788
7799
7813
7817
7828
7864
7870
7892
7912
7924
7925
7951
7959
7960
8079
8087
8097
8131
8146
8156
8164
8195
8204
8207
8209
8216
8221
8239
8253
8278
8288
8289
8315
8325
8351
8364
8366
8410
8434
8446
8458
8486
8522
8543
8548
8596
8621
8656
8657
8660
8671
8672
8674
8675
8676
8679
8680
8690
8691
8694
8695
8697
8701
8705
8706
8708
8709
8711
8712
8714
8715
8719
8720
8721
8724
8725
8726
8730
8731
8732
8733
8736
8738
8741
8744
8746
8747
8751
8754
8757
8762
8763
8765
8769
8771
8778
8779
8781
8782
