0
35
39
62
75
113
123
184
200
203
209
215
225
271
275
310
358
367
421
434
439
456
518
558
567
587
599
600
611
642
645
655
686
690
702
732
733
754
762
782
784
808
811
825
855
867
876
892
926
942
956
1062
1068
1077
1103
1120
1145
1156
1162
1163
1197
1239
1272
1279
1286
1288
1311
1325
1375
1389
1392
1412
1423
1454
1455
1461
1496
1500
1501
1509
1537
1554
1555
1566
1614
1616
1650
1692
1711
1741
1781
1786
1810
1842
1868
1961
2040
2067
2070
2083
2120
2147
2244
2285
2303
2305
2312
2328
2338
2375
2414
2417
2436
2438
2487
2492
2497
2507
2534
2572
2589
2595
2612
2613
2630
2654
2661
2662
2677
2687
2711
2719
2723
2749
2753
2756
2786
2801
2814
2816
2825
2829
2844
2932
2957
2990
3006
3008
3031
3055
3082
3099
3126
3130
3137
3148
3169
3199
3214
3219
3236
3268
3286
3293
3364
3378
3414
3464
3472
3504
3509
3511
3529
3539
3556
3557
3581
3589
3601
3650
3674
3681
3694
3700
3721
3723
3757
3781
3786
3818
3821
3837
3849
3878
3913
3922
3942
3976
4043
4048
4093
4104
4110
4131
4149
4159
4165
4169
4182
4184
4196
4236
4239
4247
4253
4257
4281
4292
4293
4323
4357
4361
4370
4379
4410
4426
4450
4463
4473
4488
4519
4559
4561
4584
4644
4685
4692
4713
4748
4790
4857
4858
4878
4891
4907
4913
4951
4953
4973
4979
5004
5010
5011
5019
5024
5025
5027
5080
5091
5105
5108
5117
5121
5122
5138
5194
5209
5227
5236
5237
5247
5263
5278
5292
5305
5307
5314
5349
5361
5371
5396
5401
5403
5406
5410
5416
5418
5448
5465
5486
5518
5532
5542
5554
5568
5603
5636
5661
5720
5721
5763
5772
5795
5807
5814
5815
5835
5836
5841
5867
5870
5875
5895
5943
5965
5989
5995
6025
6047
6090
6105
6124
6135
6175
6202
6212
6245
6250
6258
6262
6297
6310
6335
6350
6388
6393
6424
6485
6506
6516
6517
6527
6576
6579
6623
6648
6713
6717
6719
6775
6778
6788
6823
6824
6886
6913
7011
7086
7098
7123
7142
7151
7161
7174
7192
7212
7215
7238
7244
7261
7289
7317
7320
7347
7352
7354
7394
7413
7422
7439
7490
7508
7535
7574
7583
7595
7622
7646
7721
7727
7729
7736
7776
7799
7806
7815
7839
7851
7871
7878
7906
7968
7997
8072
8097
8127
8135
8176
8181
8187
8252
8264
8289
8302
8332
8350
8367
8374
8391
8393
8396
8419
8429
8447
8489
8539
8541
8544
8565
8577
8599
8622
8663
8704
8754
8760
8763
8784
8793
8823
8825
8850
8853
8893
8914
8918
9016
9060
9075
9096
9107
9113
9174
9184
9211
9292
9301
9306
9335
9379
9380
9413
9428
9429
9430
9431
9432
