4
15
27
35
38
39
42
52
61
88
141
160
175
182
229
238
244
268
345
357
384
407
453
471
485
539
543
596
597
615
619
652
675
678
730
732
737
746
773
776
787
797
871
882
949
950
953
982
989
992
1008
1011
1025
1032
1078
1091
1114
1145
1151
1266
1280
1344
1351
1363
1384
1408
1417
1438
1494
1500
1510
1518
1562
1573
1587
1606
1613
1623
1639
1660
1665
1672
1706
1714
1730
1742
1759
1766
1770
1782
1812
1830
1838
1840
1851
1874
1876
1887
1930
1931
1935
1943
1981
2011
2045
2053
2055
2091
2134
2161
2181
2226
2232
2294
2299
2312
2358
2370
2371
2394
2398
2423
2436
2449
2462
2484
2516
2544
2553
2568
2579
2630
2643
2656
2658
2667
2688
2751
2767
2769
2793
2816
2827
2835
2837
2842
2886
2894
2950
2963
3038
3110
3138
3169
3185
3188
3234
3245
3326
3335
3349
3371
3379
3384
3415
3426
3456
3461
3482
3503
3514
3516
3525
3527
3565
3666
3667
3684
3698
3721
3762
3799
3810
3832
3875
3903
3905
3911
3921
3953
3973
3978
3991
3994
4004
4025
4045
4092
4095
4097
4101
4131
4160
4175
4187
4213
4224
4244
4247
4265
4279
4307
4308
4316
4412
4470
4503
4505
4506
4515
4516
4559
4593
4654
4661
4678
4680
4700
4736
4760
4820
4825
4839
4903
4946
4951
5005
5007
5021
5044
5065
5107
5128
5136
5145
5152
5159
5194
5216
5230
5238
5285
5286
5302
5305
5315
5320
5331
5344
5350
5351
5364
5374
5380
5382
5398
5441
5485
5500
5573
5583
5590
5628
5684
5689
5702
5705
5768
5769
5775
5780
5789
5790
5804
5818
5860
5876
5882
5889
5914
5934
5935
5941
5944
5947
5949
5958
6042
6052
6078
6086
6128
6148
6160
6163
6172
6173
6188
6225
6250
6272
6275
6300
6308
6344
6353
6370
6376
6396
6406
6430
6446
6452
6459
6484
6489
6520
6522
6542
6557
6565
6568
6584
6629
6631
6644
6648
6713
6721
6730
6732
6753
6754
6760
6780
6797
6821
6827
6883
6885
6895
6899
6909
6927
6937
6945
6956
6957
6958
7013
7028
7077
7094
7151
7152
7173
7194
7201
7299
7308
7334
7391
7409
7428
7467
7473
7480
7482
7496
7503
7658
7659
7688
7689
7697
7722
7724
7727
7745
7796
7798
7839
7850
7854
7855
7969
7970
8000
8006
8031
8100
8115
8119
8193
8201
8207
8238
8239
8274
8291
8308
8339
8341
8349
8425
8438
8460
8477
8487
8505
8523
8550
8585
8588
8601
8605
8606
8614
8626
8644
8659
8699
8713
8721
8734
8761
8788
8797
8829
8842
8899
8931
8952
8993
9002
9045
9056
9132
9144
9166
9168
9202
9225
9259
9276
9325
9347
9365
9372
9378
9396
9397
9400
9406
9408
9413
9436
9458
9459
9460
9462
9463
