2
32
68
152
160
164
191
200
215
220
279
322
345
408
450
456
475
489
523
527
553
577
588
602
672
678
740
783
786
788
796
824
865
896
900
901
902
921
922
945
955
962
964
966
970
973
987
1003
1035
1109
1113
1118
1137
1139
1140
1166
1176
1196
1199
1203
1218
1245
1256
1269
1309
1310
1335
1338
1347
1354
1367
1389
1485
1486
1487
1489
1492
1499
1502
1506
1550
1555
1593
1601
1665
1691
1740
1756
1758
1760
1785
1786
1863
1902
1915
1932
1950
1951
2001
2008
2018
2048
2074
2089
2101
2119
2142
2159
2170
2175
2192
2203
2226
2240
2266
2308
2310
2335
2342
2397
2426
2434
2458
2473
2481
2501
2573
2598
2621
2622
2629
2677
2699
2710
2712
2718
2759
2780
2787
2809
2824
2867
2925
2941
2943
2948
2985
2999
3033
3052
3053
3057
3063
3070
3078
3108
3127
3131
3152
3189
3251
3254
3282
3296
3333
3336
3377
3378
3384
3425
3430
3488
3547
3552
3557
3561
3602
3613
3621
3636
3643
3665
3675
3682
3706
3731
3745
3750
3770
3775
3797
3800
3805
3815
3820
3823
3836
3858
3943
3951
3957
3960
3990
4004
4049
4072
4083
4091
4120
4131
4134
4143
4159
4161
4162
4167
4186
4209
4239
4248
4301
4318
4322
4338
4406
4426
4453
4460
4484
4508
4521
4535
4543
4552
4560
4663
4669
4678
4681
4729
4756
4757
4763
4772
4783
4798
4803
4826
4873
4904
4988
4989
4994
4999
5004
5008
5012
5016
5018
5025
5050
5065
5151
5163
5175
5189
5208
5214
5219
5235
5272
5284
5343
5359
5366
5375
5395
5399
5407
5417
5418
5433
5504
5508
5535
5537
5588
5621
5648
5653
5706
5711
5743
5744
5760
5766
5808
5820
5823
5833
5872
5901
5955
5977
5986
6006
6023
6039
6048
6059
6078
6081
6086
6111
6133
6148
6190
6227
6255
6266
6284
6286
6288
6317
6326
6333
6349
6363
6396
6440
6442
6456
6476
6515
6550
6551
6640
6661
6674
6711
6716
6735
6778
6801
6808
6822
6865
6887
6905
6924
6949
6966
6978
6989
7008
7012
7015
7036
7046
7047
7053
7070
7077
7082
7125
7128
7136
7193
7199
7209
7212
7227
7266
7300
7322
7364
7397
7408
7432
7476
7487
7532
7534
7536
7544
7571
7672
7776
7794
7819
7831
7868
7887
7895
7902
7904
7907
7921
7944
7946
7960
7962
8040
8102
8105
8115
8118
8133
8160
8163
8167
8170
8174
8229
8256
8287
8301
8324
8359
8393
8394
8409
8425
8446
8470
8473
8498
8508
8521
8536
8538
8555
8572
8599
8640
8681
8696
8697
8723
8836
8837
8898
8923
8926
8934
8940
8957
8971
8992
8998
9101
9111
9117
9119
9198
9220
9225
9226
9228
9230
9232
9233
9236
9237
9238
9239
