36
37
39
52
62
91
99
123
127
137
140
168
175
180
187
204
232
246
259
299
307
324
335
349
372
395
411
459
463
464
480
495
503
505
541
578
596
599
616
627
632
637
665
810
822
864
877
904
915
924
957
960
962
997
1045
1103
1119
1152
1164
1207
1239
1255
1256
1302
1342
1353
1358
1363
1437
1438
1449
1465
1485
1507
1539
1557
1558
1565
1602
1606
1610
1645
1652
1678
1717
1742
1804
1824
1866
1923
1954
1977
2027
2058
2123
2143
2145
2157
2203
2212
2252
2273
2303
2311
2352
2406
2428
2431
2450
2481
2500
2511
2534
2566
2593
2598
2602
2605
2628
2639
2678
2680
2718
2728
2747
2756
2782
2783
2837
2839
2850
2851
2882
2902
2907
2929
2930
2934
2949
2955
2967
2989
2997
3004
3051
3091
3105
3130
3145
3244
3304
3329
3330
3367
3380
3396
3411
3412
3432
3448
3459
3468
3480
3494
3503
3523
3566
3571
3587
3683
3688
3721
3728
3736
3795
3834
3838
3840
3846
3866
3870
3906
3909
3943
3961
3989
4030
4076
4080
4082
4113
4135
4186
4192
4217
4240
4242
4278
4288
4310
4335
4352
4406
4407
4419
4437
4458
4459
4486
4558
4567
4574
4607
4617
4660
4668
4673
4679
4688
4695
4721
4743
4765
4774
4801
4814
4866
4884
4888
4899
4955
4963
5078
5079
5090
5121
5125
5146
5149
5150
5159
5188
5193
5207
5224
5225
5274
5351
5355
5363
5384
5385
5420
5434
5449
5474
5487
5494
5512
5518
5532
5539
5555
5578
5613
5627
5629
5645
5646
5667
5674
5677
5691
5698
5704
5708
5719
5792
5831
5837
5851
5875
5879
5924
5925
5940
5990
6010
6028
6035
6080
6097
6102
6117
6147
6150
6170
6261
6263
6269
6282
6312
6318
6354
6356
6399
6430
6458
6479
6495
6500
6557
6579
6593
6637
6649
6660
6663
6683
6704
6740
6747
6762
6763
6766
6810
6835
6872
6873
6876
6877
6955
6999
7002
7004
7012
7025
7036
7042
7070
7080
7123
7159
7173
7193
7201
7213
7277
7339
7345
7350
7368
7377
7394
7398
7538
7545
7588
7596
7614
7637
7639
7647
7680
7686
7744
7790
7832
7838
7845
7862
7868
7884
7893
7905
7941
7951
7976
7984
7985
8001
8027
8032
8043
8066
8097
8136
8151
8161
8195
8199
8215
8236
8260
8276
8284
8299
8311
8325
8345
8400
8402
8408
8426
8434
8443
8465
8498
8503
8513
8525
8526
8560
8605
8613
8614
8691
8696
8697
8709
8714
8797
8867
8896
8921
8955
8957
8995
9009
9018
9050
9051
9055
9060
9105
9143
9157
9167
9170
9184
9189
9203
9217
9249
9258
9284
9301
9334
9347
9352
9359
9360
9382
9410
9420
9438
9453
9474
9475
9476
9479
9492
9496
9497
