30
52
62
110
130
148
165
166
204
206
209
235
265
266
317
322
343
391
395
402
404
422
426
448
508
510
524
546
554
577
580
583
586
594
606
625
629
630
636
654
684
688
697
705
747
759
761
776
811
839
995
1000
1043
1077
1105
1112
1133
1150
1151
1165
1171
1172
1206
1238
1272
1274
1332
1339
1360
1421
1436
1471
1509
1530
1552
1574
1576
1629
1639
1680
1704
1715
1743
1748
1760
1795
1799
1813
1816
1831
1860
1922
1969
1998
2009
2010
2017
2018
2035
2087
2112
2146
2180
2199
2223
2232
2259
2261
2289
2291
2296
2320
2331
2340
2378
2386
2402
2430
2438
2452
2454
2481
2512
2517
2521
2537
2540
2551
2570
2575
2576
2579
2584
2606
2621
2622
2632
2633
2639
2653
2671
2675
2703
2712
2734
2751
2763
2786
2794
2795
2831
2847
2854
2886
2888
2903
2929
2960
2961
2975
2997
3012
3047
3048
3068
3072
3112
3138
3140
3155
3170
3182
3183
3184
3191
3243
3252
3265
3313
3327
3329
3335
3361
3373
3404
3417
3452
3483
3529
3560
3583
3638
3656
3751
3782
3817
3836
3885
3900
3911
3931
3941
3945
3990
4005
4006
4032
4037
4040
4071
4105
4131
4138
4147
4156
4168
4232
4245
4264
4288
4297
4335
4364
4404
4450
4472
4474
4502
4544
4545
4555
4573
4585
4601
4677
4689
4702
4710
4732
4735
4742
4744
4772
4790
4802
4822
4841
4852
4869
4905
4938
4966
5016
5023
5031
5036
5040
5071
5076
5090
5107
5109
5115
5122
5157
5191
5207
5213
5214
5278
5286
5317
5336
5377
5434
5495
5499
5522
5553
5557
5561
5656
5657
5686
5749
5811
5817
5916
5941
5971
5983
5991
6019
6041
6065
6077
6084
6115
6152
6171
6192
6219
6237
6284
6294
6323
6355
6369
6411
6446
6450
6473
6490
6495
6521
6551
6569
6587
6631
6662
6697
6716
6749
6751
6787
6788
6804
6833
6835
6902
6950
6963
6981
6994
6997
7000
7021
7042
7048
7079
7097
7102
7135
7178
7179
7185
7203
7235
7246
7249
7273
7279
7290
7296
7328
7357
7362
7410
7429
7455
7476
7501
7512
7513
7590
7640
7649
7652
7669
7671
7685
7690
7715
7737
7739
7756
7825
7828
7833
7854
7878
7893
7906
7925
7977
7983
7994
7996
8009
8010
8022
8028
8038
8046
8059
8071
8089
8114
8116
8127
8174
8176
8191
8214
8246
8271
8293
8388
8402
8404
8406
8407
8474
8501
8519
8523
8527
8528
8565
8575
8576
8594
8602
8606
8607
8658
8681
8712
8742
8778
8784
8786
8791
8794
8795
8796
8797
8799
8802
8806
8807
8808
8813
8821
8823
8827
8829
8830
8831
8832
8834
8840
8846
8847
8848
8849
8851
8852
8853
8855
