18
59
62
66
75
79
83
130
146
184
196
199
226
234
243
246
283
300
310
318
325
399
402
406
421
427
431
433
465
469
517
523
540
626
668
674
675
681
691
707
712
725
766
803
807
852
860
876
880
930
946
972
985
990
994
1036
1048
1080
1104
1119
1148
1154
1160
1187
1193
1215
1219
1230
1260
1268
1317
1345
1370
1380
1384
1388
1421
1422
1494
1503
1572
1599
1600
1612
1619
1623
1624
1666
1698
1715
1770
1820
1822
1837
1859
1881
1893
1894
1898
1901
1904
1940
1944
1955
1962
1967
1975
1988
1996
2033
2077
2097
2108
2110
2114
2131
2152
2156
2180
2217
2255
2258
2268
2298
2304
2333
2348
2359
2372
2391
2397
2398
2408
2429
2432
2439
2449
2504
2508
2524
2528
2564
2589
2595
2621
2638
2671
2688
2720
2722
2735
2748
2751
2756
2781
2793
2829
2836
2909
2912
2913
2922
2944
2981
2999
3007
3025
3036
3038
3082
3126
3157
3158
3170
3176
3182
3213
3216
3278
3287
3300
3333
3360
3371
3374
3393
3416
3427
3434
3441
3442
3470
3513
3544
3574
3591
3623
3674
3689
3693
3726
3757
3778
3848
3872
3889
3896
3919
3974
3991
4025
4064
4081
4083
4100
4115
4146
4162
4179
4197
4237
4248
4293
4346
4380
4385
4387
4395
4414
4421
4471
4472
4476
4489
4492
4498
4505
4507
4590
4607
4620
4624
4677
4691
4713
4746
4769
4777
4833
4880
4970
5014
5030
5061
5066
5078
5094
5102
5117
5134
5137
5142
5196
5208
5224
5262
5271
5277
5297
5321
5324
5346
5381
5399
5412
5413
5414
5441
5448
5463
5467
5478
5525
5533
5573
5598
5617
5621
5632
5633
5642
5647
5664
5679
5721
5745
5751
5782
5814
5830
5834
5856
5865
5898
5921
5932
5933
5980
6010
6033
6057
6060
6062
6068
6131
6142
6161
6183
6237
6324
6325
6332
6362
6363
6402
6429
6439
6450
6459
6462
6564
6625
6639
6648
6689
6745
6766
6873
6925
6931
6950
6951
6967
6979
7003
7006
7008
7034
7044
7046
7058
7087
7131
7143
7151
7179
7186
7217
7234
7250
7263
7264
7298
7299
7300
7339
7343
7406
7407
7412
7440
7482
7500
7507
7540
7598
7617
7635
7643
7676
7704
7719
7771
7828
7863
7866
7873
7890
7915
7970
7991
8018
8026
8045
8057
8079
8167
8184
8187
8204
8214
8227
8235
8300
8333
8337
8398
8409
8413
8509
8521
8556
8589
8608
8618
8623
8636
8662
8677
8688
8707
8708
8710
8723
8730
8773
8784
8803
8823
8825
8827
8847
8864
8867
8870
8916
8919
8976
8991
9007
9009
9022
9037
9055
9071
9077
9084
9092
9102
9113
9144
9171
9172
9188
9189
9209
9212
9230
9298
9304
9353
9359
9366
9379
9381
9439
9461
9482
