1
39
44
110
117
138
139
182
251
312
318
365
384
387
388
410
473
498
551
584
617
627
629
634
636
650
675
684
698
702
704
715
757
761
768
779
781
804
825
871
879
897
907
912
919
938
981
1032
1033
1085
1103
1109
1137
1143
1145
1168
1172
1175
1177
1238
1261
1266
1267
1290
1292
1294
1320
1326
1377
1420
1425
1478
1479
1485
1545
1547
1548
1566
1571
1573
1609
1617
1665
1691
1730
1753
1768
1858
1886
1900
1911
1941
1958
1959
1973
1983
1989
2066
2101
2111
2183
2188
2189
2200
2225
2237
2243
2281
2290
2303
2315
2318
2323
2369
2377
2399
2414
2419
2441
2446
2468
2482
2484
2520
2534
2557
2564
2590
2602
2611
2653
2662
2672
2697
2713
2726
2735
2739
2768
2791
2797
2810
2817
2833
2835
2844
2923
2930
2957
2972
2973
2981
2994
3038
3075
3108
3110
3116
3132
3153
3157
3166
3168
3204
3234
3238
3244
3277
3302
3310
3317
3351
3426
3431
3446
3451
3458
3464
3472
3499
3507
3593
3622
3640
3669
3680
3687
3695
3707
3729
3736
3778
3779
3784
3785
3794
3798
3815
3820
3839
3898
3902
3911
3926
3942
3953
3954
4013
4016
4018
4049
4076
4089
4126
4148
4174
4202
4204
4211
4216
4219
4246
4251
4257
4318
4353
4386
4390
4405
4410
4415
4416
4421
4449
4457
4471
4479
4492
4508
4544
4559
4590
4608
4644
4687
4704
4722
4732
4743
4773
4816
4836
4857
4862
4889
4891
4893
4945
4997
5005
5007
5045
5081
5149
5178
5219
5230
5280
5342
5360
5380
5382
5393
5396
5423
5424
5435
5438
5442
5446
5449
5467
5468
5527
5549
5578
5594
5603
5609
5616
5640
5703
5773
5774
5799
5812
5813
5817
5825
5843
5875
5881
5885
5918
5958
5975
5990
5992
5998
6041
6049
6053
6105
6122
6129
6162
6194
6196
6230
6236
6261
6283
6347
6381
6396
6416
6421
6445
6469
6473
6510
6522
6572
6631
6655
6669
6674
6713
6744
6752
6771
6818
6831
6833
6840
6846
6899
6934
6969
6975
6978
6988
7029
7067
7081
7162
7175
7185
7197
7254
7324
7335
7344
7349
7353
7356
7370
7465
7472
7481
7555
7559
7584
7592
7601
7638
7643
7649
7677
7688
7707
7717
7725
7728
7748
7790
7808
7821
7829
7835
7840
7861
7874
7886
7916
7986
8004
8019
8036
8055
8092
8096
8097
8138
8182
8289
8295
8327
8339
8340
8370
8382
8406
8421
8474
8480
8496
8500
8513
8556
8583
8584
8602
8632
8642
8659
8662
8668
8678
8703
8723
8768
8800
8803
8808
8809
8835
8839
8846
8856
8878
8883
8914
8959
8961
8966
8971
8990
9002
9004
9025
9030
9121
9133
9141
9236
9257
9268
9271
9274
9379
9380
9390
9398
9410
9419
9433
9449
