52
63
82
89
105
108
113
128
136
179
246
268
270
292
332
333
342
381
453
491
538
559
563
578
607
612
663
669
738
748
750
781
826
909
926
952
956
1001
1012
1017
1029
1032
1094
1126
1145
1170
1172
1181
1202
1243
1248
1276
1303
1328
1348
1447
1490
1502
1539
1541
1582
1620
1626
1642
1680
1690
1707
1717
1785
1807
1838
1874
1889
1912
1951
1955
1958
1970
2047
2112
2126
2141
2190
2234
2264
2292
2310
2315
2336
2346
2379
2390
2397
2434
2445
2446
2486
2505
2529
2598
2681
2711
2723
2767
2769
2796
2797
2812
2819
2835
2838
2857
2867
2871
2918
2932
2952
2962
2972
3011
3015
3019
3040
3080
3085
3117
3120
3149
3173
3202
3206
3214
3237
3248
3256
3262
3270
3303
3352
3356
3431
3462
3502
3508
3516
3519
3526
3567
3568
3571
3608
3617
3645
3651
3653
3685
3692
3704
3705
3752
3806
3817
3818
3827
3830
3869
3874
3973
4017
4029
4041
4045
4083
4084
4085
4122
4137
4142
4201
4233
4274
4324
4326
4337
4345
4356
4383
4401
4424
4454
4466
4481
4488
4514
4572
4576
4584
4601
4615
4646
4656
4690
4728
4785
4786
4803
4818
4853
4875
4928
4969
4999
5020
5054
5061
5071
5076
5100
5124
5145
5153
5159
5169
5183
5198
5199
5201
5227
5234
5244
5274
5288
5294
5328
5332
5352
5373
5381
5405
5406
5437
5456
5457
5464
5480
5496
5519
5562
5564
5573
5580
5594
5623
5647
5653
5656
5667
5709
5711
5716
5815
5829
5850
5881
5889
5967
5968
5971
5974
6048
6074
6101
6117
6172
6196
6206
6215
6273
6276
6285
6293
6319
6343
6345
6394
6400
6403
6414
6417
6452
6472
6479
6515
6518
6550
6552
6563
6569
6573
6587
6600
6602
6662
6665
6726
6736
6738
6741
6759
6762
6768
6774
6811
6834
6863
6880
6884
6921
6930
6931
6933
6954
7010
7026
7029
7043
7089
7117
7124
7134
7156
7169
7187
7196
7206
7237
7244
7253
7265
7270
7276
7314
7321
7341
7350
7414
7421
7448
7449
7454
7455
7457
7467
7482
7483
7490
7521
7547
7565
7583
7591
7594
7602
7637
7654
7655
7676
7686
7688
7706
7709
7710
7713
7723
7738
7741
7758
7759
7762
7777
7780
7819
7820
7833
7839
7848
7887
7890
7893
7956
7960
7965
7975
7985
7999
8008
8010
8017
8023
8035
8038
8069
8092
8101
8120
8209
8211
8300
8330
8371
8382
8403
8448
8454
8461
8467
8480
8489
8503
8544
8551
8554
8585
8588
8605
8669
8708
8733
8741
8753
8770
8794
8846
8878
8885
8887
8922
8953
8980
8991
9031
9076
9101
9107
9109
9143
9147
9188
9190
9193
9197
9212
9239
9240
9274
9347
9366
9383
9389
9400
9401
9402
9404
9405
9406
9407
9408
9409
9410
