21
49
73
74
100
118
141
144
174
193
198
210
236
242
267
302
308
341
348
353
420
443
461
468
481
483
488
491
492
514
580
583
584
643
757
763
794
795
799
809
831
856
857
860
862
897
907
925
952
968
970
1001
1025
1029
1043
1044
1064
1095
1100
1153
1158
1170
1192
1225
1248
1250
1278
1295
1331
1341
1344
1360
1409
1410
1418
1439
1459
1479
1481
1501
1513
1525
1593
1599
1626
1645
1651
1734
1752
1755
1761
1792
1808
1863
1870
1888
1912
1929
1949
1975
1977
1990
1991
2014
2096
2172
2183
2191
2250
2281
2282
2300
2329
2332
2361
2382
2384
2392
2429
2500
2510
2536
2561
2563
2565
2583
2590
2620
2630
2639
2666
2676
2684
2688
2705
2810
2862
2961
2962
2988
3009
3050
3061
3068
3081
3087
3121
3126
3182
3191
3218
3224
3244
3252
3262
3287
3303
3324
3413
3437
3469
3503
3564
3596
3656
3667
3676
3707
3749
3780
3793
3840
3876
3884
3897
3916
3929
4000
4031
4055
4069
4083
4091
4113
4120
4166
4196
4197
4214
4217
4219
4226
4229
4237
4238
4247
4248
4249
4283
4298
4342
4353
4355
4383
4400
4410
4417
4439
4447
4452
4460
4495
4498
4501
4507
4527
4554
4573
4575
4580
4587
4589
4606
4615
4624
4645
4653
4662
4664
4691
4694
4712
4733
4736
4820
4828
4863
4939
4940
4950
4952
4957
4964
5042
5046
5063
5098
5103
5114
5155
5168
5170
5196
5213
5229
5233
5253
5291
5304
5309
5331
5365
5366
5368
5393
5426
5427
5470
5477
5486
5506
5522
5574
5582
5585
5675
5695
5696
5822
5883
5906
5925
5938
5947
5963
5991
6026
6041
6071
6109
6117
6136
6163
6164
6173
6183
6196
6210
6214
6248
6250
6258
6261
6282
6313
6323
6329
6393
6398
6405
6421
6443
6480
6506
6511
6515
6520
6541
6574
6598
6672
6674
6676
6727
6742
6781
6829
6832
6887
6931
6937
6978
7034
7097
7099
7116
7117
7120
7125
7129
7141
7147
7149
7167
7169
7171
7175
7177
7178
7192
7195
7196
7203
7215
7221
7231
7246
7257
7262
7269
7270
7271
7274
7286
7287
7288
7294
7295
7296
7298
7303
7316
7325
7330
7334
7337
7340
7344
7349
7387
7392
7393
7394
7412
7414
7433
7436
7439
7445
7447
7452
7459
7469
7474
7478
7479
7492
7496
7502
7517
7523
7559
7560
7561
7573
7577
7581
7583
7589
7592
7593
7597
7601
7607
7616
7620
7626
7627
7643
7644
7646
7647
7650
7652
7661
7663
7665
7673
7678
7682
7683
7693
