15
19
64
72
133
134
138
148
168
194
209
297
314
341
404
408
465
484
521
523
534
557
574
594
595
606
620
644
717
723
725
766
779
788
790
792
794
797
819
857
866
897
910
911
919
928
974
1010
1012
1031
1134
1135
1138
1157
1188
1270
1313
1336
1345
1373
1383
1391
1402
1442
1467
1487
1496
1522
1546
1558
1559
1656
1669
1707
1710
1722
1736
1750
1766
1774
1777
1782
1793
1798
1812
1813
1835
1846
1850
1862
1866
1887
1894
1929
1952
2014
2109
2114
2154
2162
2181
2225
2230
2274
2305
2350
2364
2366
2383
2395
2425
2426
2430
2433
2445
2465
2552
2573
2590
2652
2654
2723
2758
2776
2792
2799
2818
2824
2844
2855
2866
2873
2877
2901
2907
2930
2956
2984
2986
3003
3053
3055
3060
3093
3111
3195
3228
3244
3267
3288
3336
3346
3365
3372
3412
3417
3428
3450
3481
3499
3509
3510
3517
3526
3552
3567
3580
3585
3594
3597
3604
3619
3623
3630
3686
3718
3731
3751
3774
3790
3799
3807
3876
3902
3907
3931
3952
3962
3971
4016
4036
4041
4043
4062
4089
4090
4097
4111
4112
4193
4223
4228
4272
4333
4338
4399
4409
4437
4447
4462
4463
4473
4544
4559
4563
4611
4629
4663
4667
4687
4694
4713
4724
4738
4750
4757
4810
4812
4832
4847
4853
4868
4869
4873
4882
4911
4936
4943
4962
4971
4995
5017
5027
5046
5061
5088
5144
5157
5283
5294
5342
5364
5365
5385
5400
5449
5465
5475
5490
5498
5522
5553
5554
5558
5561
5566
5586
5633
5652
5664
5683
5698
5711
5738
5754
5779
5782
5799
5820
5821
5822
5823
5827
5833
5862
5884
5911
5914
5921
5928
5949
5964
5974
5975
5986
5991
6031
6032
6039
6118
6141
6156
6169
6229
6250
6259
6266
6288
6359
6374
6411
6419
6422
6465
6496
6536
6539
6540
6542
6568
6572
6574
6578
6587
6589
6592
6603
6606
6609
6613
6621
6624
6625
6629
6633
6635
6639
6650
6651
6659
6663
6668
6686
6706
6709
6713
6715
6721
6733
6736
6740
6754
6758
6760
6762
6786
6788
6796
6802
6808
6810
6811
6834
6836
6851
6866
6875
6887
6894
6896
6920
6922
6923
6932
6934
6938
6939
6941
6944
6945
6949
6952
6960
6967
6974
6976
6984
6987
6995
6996
7002
7007
7014
7017
7020
7027
7028
7038
7050
7054
7055
7058
7061
7065
7070
7071
7072
7073
7077
7078
7079
7084
7093
7096
