8
9
15
35
44
63
70
74
107
146
169
198
200
202
248
372
375
388
433
447
461
480
503
519
551
563
581
585
589
620
624
639
643
669
712
749
808
814
833
848
862
945
954
990
1009
1012
1035
1056
1065
1077
1090
1098
1162
1198
1231
1270
1316
1365
1372
1421
1446
1454
1472
1489
1506
1517
1539
1548
1551
1571
1601
1620
1631
1656
1675
1689
1690
1692
1695
1702
1710
1715
1722
1752
1765
1786
1816
1820
1836
1857
1859
1888
1891
1894
1899
1900
1913
1918
1935
1941
1953
2049
2053
2089
2105
2108
2112
2115
2127
2128
2157
2184
2195
2265
2329
2332
2339
2349
2375
2386
2387
2422
2432
2446
2451
2465
2470
2484
2485
2498
2522
2537
2551
2592
2625
2645
2680
2688
2699
2726
2733
2805
2807
2815
2860
2876
2890
2913
2983
3055
3106
3141
3185
3188
3198
3206
3211
3251
3261
3272
3276
3286
3315
3317
3335
3344
3371
3430
3436
3443
3453
3492
3510
3522
3551
3586
3588
3606
3631
3655
3678
3715
3743
3773
3781
3786
3805
3808
3825
3828
3855
3859
3869
3874
3905
3951
3958
3974
4039
4062
4085
4086
4101
4106
4134
4141
4147
4155
4210
4262
4268
4270
4296
4299
4358
4409
4415
4426
4440
4441
4483
4499
4529
4555
4573
4639
4643
4669
4679
4681
4707
4743
4744
4775
4792
4802
4826
4853
4860
4880
4900
4970
4974
4982
4986
5017
5073
5101
5102
5121
5130
5148
5162
5208
5219
5230
5250
5264
5275
5291
5322
5326
5341
5361
5368
5388
5425
5430
5446
5454
5494
5540
5542
5560
5617
5646
5652
5654
5668
5680
5690
5744
5745
5778
5782
5807
5822
5860
5872
5911
5934
5962
5985
5992
6005
6013
6034
6048
6123
6176
6182
6213
6220
6222
6232
6246
6258
6260
6267
6295
6399
6411
6430
6433
6438
6439
6454
6456
6485
6492
6510
6518
6539
6553
6598
6606
6693
6695
6717
6792
6813
6815
6832
6878
6902
6911
6997
7002
7008
7028
7061
7074
7106
7107
7138
7160
7181
7215
7223
7240
7270
7280
7293
7306
7319
7321
7339
7396
7413
7428
7431
7468
7475
7493
7497
7501
7515
7582
7586
7612
7652
7731
7742
7790
7793
7803
7831
7836
7865
7887
7946
7985
7988
8021
8034
8055
8064
8114
8162
8195
8208
8210
8228
8256
8302
8303
8345
8374
8380
8422
8426
8433
8445
8447
8460
8471
8500
8515
8521
8534
8539
8595
8608
8609
8611
8711
8728
8739
8810
8812
8827
8835
8853
8890
8895
8907
8956
8986
8995
9002
9030
9043
9055
9074
9097
9120
9136
9149
9175
9190
9200
9228
9247
9270
9278
9279
9294
9306
9312
9336
9346
9411
9424
9485
9492
9511
9512
9513
9514
9515
9516
