41
48
53
75
79
87
103
132
149
169
192
212
230
243
245
249
261
275
300
309
327
361
365
371
386
428
445
448
450
454
481
497
514
539
545
666
683
714
726
728
753
757
768
850
928
941
961
969
991
1006
1010
1023
1027
1034
1090
1098
1140
1183
1184
1208
1209
1222
1226
1240
1244
1247
1250
1253
1268
1270
1313
1332
1344
1354
1374
1383
1401
1405
1418
1421
1426
1431
1436
1496
1498
1501
1512
1517
1524
1525
1542
1604
1617
1654
1697
1709
1727
1732
1750
1765
1785
1870
1877
1890
1893
1908
1918
1939
1960
1977
1986
2021
2030
2083
2094
2175
2179
2189
2228
2232
2251
2261
2299
2325
2359
2389
2420
2438
2458
2459
2469
2478
2481
2576
2598
2634
2636
2642
2676
2717
2718
2744
2757
2799
2803
2815
2824
2832
2897
2900
2910
2919
2923
2932
2934
2949
2959
2989
3016
3071
3096
3124
3126
3141
3206
3250
3331
3344
3346
3373
3403
3449
3462
3465
3496
3528
3569
3587
3614
3622
3641
3642
3644
3645
3666
3675
3693
3709
3716
3740
3769
3780
3796
3867
3870
3885
3904
3917
3936
3968
3969
4016
4029
4060
4069
4130
4152
4172
4188
4192
4236
4237
4240
4254
4262
4283
4289
4326
4342
4347
4361
4363
4368
4372
4384
4394
4403
4424
4466
4491
4535
4562
4564
4594
4664
4725
4743
4750
4758
4784
4825
4829
4833
4895
4903
4912
4913
4942
4944
4957
4971
4975
5008
5023
5050
5051
5059
5071
5084
5124
5159
5173
5199
5220
5245
5246
5256
5261
5285
5312
5371
5395
5403
5406
5408
5412
5413
5414
5506
5554
5557
5560
5562
5569
5571
5588
5615
5634
5636
5638
5646
5649
5651
5684
5707
5726
5813
5817
5836
5837
5840
5862
5864
5898
5932
5947
6002
6025
6031
6137
6173
6239
6242
6258
6266
6287
6337
6384
6400
6423
6429
6447
6472
6520
6535
6563
6588
6589
6633
6678
6680
6694
6736
6754
6783
6789
6847
6870
6876
6886
6893
6902
6912
6919
6988
6993
6998
7000
7005
7006
7021
7060
7065
7113
7117
7119
7120
7122
7128
7133
7143
7144
7166
7172
7211
7221
7235
7254
7260
7282
7331
7337
7376
7392
7414
7435
7449
7466
7479
7484
7511
7539
7608
7637
7655
7659
7661
7674
7682
7695
7759
7784
7798
7803
7805
7892
7894
7939
7963
8002
8008
8015
8049
8103
8125
8193
8209
8220
8228
8230
8244
8251
8282
8283
8289
8337
8349
8361
8389
8435
8458
8473
8511
8535
8563
8617
8648
8659
8664
8683
8715
8749
8750
8751
8773
8781
8803
8899
8902
8909
8911
8915
8919
8928
8934
8937
8941
8960
8972
9011
9026
9061
9178
9182
9198
9210
9243
9268
9286
9287
9301
9311
9341
9393
9431
