2
107
139
177
189
230
244
257
284
286
295
296
318
319
323
350
367
387
394
424
448
503
507
526
589
590
600
609
666
696
708
733
769
826
840
841
852
877
891
931
939
957
976
1037
1039
1051
1053
1061
1065
1106
1117
1120
1139
1144
1181
1236
1288
1393
1399
1420
1435
1436
1437
1495
1504
1547
1633
1636
1643
1650
1684
1689
1702
1714
1745
1756
1758
1759
1769
1774
1787
1811
1819
1836
1837
1844
1867
1884
1906
1927
1983
2035
2083
2094
2129
2136
2139
2161
2167
2183
2216
2269
2271
2282
2293
2299
2313
2389
2390
2414
2451
2497
2533
2566
2577
2582
2596
2637
2647
2649
2688
2691
2711
2718
2770
2772
2780
2800
2814
2858
2884
2920
2927
2977
2980
3013
3018
3066
3122
3126
3130
3140
3142
3172
3177
3187
3217
3227
3293
3334
3335
3338
3380
3387
3394
3445
3476
3522
3563
3580
3627
3637
3638
3649
3683
3686
3709
3731
3736
3738
3744
3792
3808
3810
3818
3827
3847
3864
3875
3924
3943
3969
3976
3978
3999
4063
4094
4105
4159
4206
4265
4270
4282
4296
4301
4363
4367
4390
4406
4412
4420
4422
4440
4443
4464
4465
4494
4580
4584
4595
4597
4607
4631
4654
4656
4720
4727
4790
4794
4820
4836
4840
4880
4910
4922
4928
4987
4990
5006
5024
5099
5104
5131
5168
5171
5231
5235
5241
5275
5277
5308
5320
5341
5406
5407
5413
5420
5421
5423
5424
5464
5494
5503
5528
5540
5543
5562
5580
5584
5591
5598
5608
5609
5660
5687
5734
5758
5759
5788
5819
5826
5830
5834
5855
5909
5924
5944
5993
6023
6036
6038
6042
6048
6067
6089
6106
6168
6223
6260
6261
6314
6317
6360
6367
6372
6381
6403
6445
6472
6475
6492
6501
6519
6531
6555
6563
6576
6608
6618
6620
6636
6638
6681
6685
6718
6728
6730
6732
6752
6808
6829
6831
6864
6885
6888
6901
6905
6908
6929
7004
7005
7034
7050
7066
7097
7108
7110
7115
7121
7140
7191
7219
7229
7236
7248
7309
7321
7331
7345
7404
7459
7495
7535
7547
7552
7613
7662
7668
7702
7721
7738
7748
7750
7751
7759
7781
7783
7801
7838
7854
7906
7909
7981
8015
8030
8047
8056
8116
8169
8208
8211
8222
8237
8264
8279
8291
8308
8341
8349
8369
8417
8446
8447
8449
8451
8454
8457
8461
8462
8471
8472
8473
8475
8478
8483
8484
8486
8490
8491
8494
8498
8499
8500
8501
8503
8504
8507
8517
8519
8521
8525
8528
8529
8532
8533
8534
8535
8538
8544
8546
8549
8550
8557
8558
8565
8568
8571
8574
8582
8583
8586
8587
8592
8594
8595
8598
8608
8611
8613
8616
8618
8619
8625
8626
8630
8632
8643
8649
8650
8652
