4
31
32
35
48
57
87
88
107
118
142
200
215
228
230
256
258
259
261
284
285
290
324
363
456
473
504
524
552
558
573
618
630
676
678
712
748
763
764
769
781
787
842
845
860
861
908
927
933
951
958
964
990
995
1005
1045
1050
1076
1096
1106
1108
1116
1129
1225
1236
1304
1306
1312
1322
1334
1348
1416
1451
1453
1476
1493
1509
1516
1518
1523
1565
1580
1590
1603
1645
1646
1657
1665
1668
1672
1674
1699
1720
1722
1765
1774
1853
1857
1885
1913
1962
1984
1988
1997
2048
2070
2076
2081
2093
2108
2157
2164
2186
2192
2220
2222
2260
2291
2295
2365
2407
2436
2459
2492
2498
2543
2610
2637
2649
2653
2676
2688
2696
2715
2717
2720
2724
2732
2733
2797
2813
2838
2854
2906
2954
2966
2995
3019
3028
3032
3075
3089
3118
3122
3124
3157
3158
3214
3230
3247
3255
3257
3286
3335
3344
3367
3427
3433
3452
3460
3464
3465
3527
3575
3611
3630
3643
3660
3674
3724
3727
3758
3761
3790
3808
3809
3867
3892
3921
3922
3936
3941
3942
3951
3990
3993
4002
4027
4031
4057
4122
4133
4190
4255
4290
4294
4296
4352
4393
4434
4473
4476
4487
4530
4534
4543
4554
4564
4574
4595
4597
4649
4658
4714
4735
4768
4802
4805
4807
4832
4833
4889
4934
4947
4960
5002
5059
5096
5099
5110
5123
5143
5153
5186
5195
5213
5216
5243
5247
5283
5342
5396
5404
5416
5425
5443
5449
5458
5461
5478
5491
5502
5540
5579
5594
5595
5619
5710
5737
5761
5793
5795
5800
5941
5985
5991
6007
6020
6034
6045
6058
6078
6098
6140
6167
6178
6185
6210
6279
6288
6319
6361
6410
6416
6460
6488
6502
6506
6521
6532
6570
6602
6622
6696
6804
6827
6841
6882
6909
6910
6919
6921
6934
6937
6946
6974
6986
6993
7013
7016
7024
7027
7035
7054
7056
7057
7130
7142
7149
7157
7271
7276
7297
7298
7309
7328
7331
7338
7375
7429
7446
7484
7531
7534
7535
7565
7578
7595
7601
7604
7610
7630
7655
7667
7680
7683
7713
7721
7725
7731
7756
7791
7829
7839
7917
7933
7945
7988
8005
8027
8030
8047
8075
8106
8112
8127
8138
8182
8192
8215
8231
8246
8278
8288
8290
8295
8311
8330
8340
8345
8385
8417
8425
8436
8442
8446
8479
8493
8497
8516
8560
8569
8587
8609
8645
8692
8701
8742
8744
8756
8804
8809
8851
8867
8870
8906
8950
8982
8986
8998
9040
9042
9051
9064
9067
9070
9133
9165
9179
9184
9227
9251
9299
9350
9364
9408
9421
9424
9436
9450
9465
9475
9479
9482
9489
9493
9494
9499
9510
9517
9518
9519
9520
9521
9522
9523
9524
9525
