7
9
33
68
69
72
89
105
108
122
131
136
175
179
199
207
235
236
246
253
317
336
337
347
365
392
456
479
500
555
558
619
634
686
690
700
701
713
783
787
792
841
871
872
917
925
966
999
1074
1096
1098
1129
1150
1154
1156
1172
1188
1211
1243
1349
1381
1388
1451
1480
1503
1533
1552
1564
1608
1628
1688
1694
1698
1702
1710
1729
1773
1781
1867
1875
1885
1902
1921
1926
1933
1942
1943
1950
1952
1997
2015
2038
2054
2103
2120
2131
2144
2145
2167
2170
2178
2236
2253
2256
2281
2318
2336
2349
2352
2353
2356
2360
2390
2404
2415
2428
2456
2458
2492
2519
2529
2595
2610
2625
2634
2706
2713
2722
2730
2733
2747
2820
2850
2878
2897
2927
2943
3013
3039
3081
3093
3124
3126
3128
3134
3139
3142
3209
3224
3226
3232
3273
3286
3313
3346
3377
3385
3386
3392
3406
3422
3454
3462
3470
3516
3522
3543
3548
3553
3590
3610
3613
3617
3622
3626
3659
3695
3751
3766
3793
3825
3830
3854
3866
3896
3902
3919
3938
3940
3959
3963
3990
4000
4048
4049
4090
4114
4119
4131
4148
4154
4176
4195
4206
4208
4211
4223
4239
4270
4272
4290
4315
4334
4367
4368
4466
4493
4507
4519
4533
4546
4564
4569
4625
4671
4723
4740
4743
4745
4752
4758
4830
4841
4860
4895
4898
4901
4923
4935
4979
5025
5049
5074
5081
5107
5138
5183
5201
5205
5210
5219
5238
5309
5343
5345
5361
5372
5390
5396
5404
5451
5484
5494
5522
5545
5573
5603
5627
5644
5690
5714
5761
5767
5779
5832
5865
5866
5869
5874
5875
5883
5884
5895
5950
5981
5988
6007
6055
6062
6077
6107
6118
6119
6132
6165
6211
6214
6217
6232
6263
6288
6342
6346
6351
6352
6361
6365
6392
6449
6484
6493
6508
6520
6532
6553
6559
6603
6604
6619
6623
6632
6646
6679
6704
6732
6733
6743
6758
6772
6777
6814
6834
6852
6861
6873
6899
6906
6908
6933
6954
6975
7013
7023
7042
7043
7092
7124
7181
7251
7278
7281
7315
7319
7369
7392
7399
7406
7424
7442
7479
7522
7524
7550
7557
7583
7620
7629
7639
7654
7690
7692
7701
7711
7735
7760
7761
7773
7774
7783
7827
7836
7914
7933
7957
7972
8002
8045
8075
8084
8120
8145
8204
8205
8207
8236
8284
8292
8306
8336
8344
8366
8368
8369
8386
8394
8403
8424
8435
8469
8483
8529
8534
8554
8582
8583
8584
8605
8607
8618
8646
8678
8749
8757
8794
8795
8796
8801
8810
8862
8877
8907
8914
8915
8917
8921
8923
8939
8957
8969
8980
8995
9021
9031
9038
9080
9092
9103
9114
9184
9196
9209
9221
9251
9271
9301
9316
9348
9362
9370
9436
9493
9499
9500
