10
15
24
54
66
82
89
173
186
191
241
253
317
328
338
339
413
426
427
478
491
506
545
556
582
599
637
641
643
655
658
662
666
670
692
693
705
734
761
813
917
919
921
930
945
959
972
976
977
993
1025
1028
1041
1077
1084
1140
1146
1162
1163
1167
1183
1187
1211
1220
1222
1225
1229
1263
1273
1279
1281
1290
1296
1364
1424
1454
1481
1497
1508
1516
1540
1567
1610
1633
1664
1682
1688
1747
1750
1756
1809
1849
1860
1873
1894
1896
1914
1936
1938
1960
1971
1973
1982
2017
2020
2030
2073
2075
2081
2135
2183
2196
2280
2285
2291
2317
2346
2375
2432
2441
2454
2468
2484
2512
2513
2541
2552
2553
2557
2564
2585
2601
2624
2638
2639
2644
2646
2650
2658
2701
2703
2707
2725
2726
2742
2784
2791
2803
2866
2917
2923
2961
2995
2997
3006
3056
3088
3089
3099
3120
3151
3154
3177
3200
3210
3211
3227
3247
3281
3288
3293
3297
3315
3323
3352
3357
3403
3414
3430
3431
3483
3539
3540
3543
3560
3586
3594
3646
3684
3724
3725
3740
3769
3796
3807
3820
3834
3851
3917
3968
3973
4042
4053
4065
4072
4086
4110
4113
4121
4153
4160
4172
4175
4179
4189
4217
4220
4225
4244
4259
4294
4324
4382
4421
4435
4436
4445
4450
4458
4530
4554
4570
4609
4618
4678
4679
4686
4709
4716
4766
4777
4780
4783
4806
4814
4822
4834
4862
4889
4894
4905
4952
4964
4968
4978
5015
5026
5045
5046
5063
5072
5076
5081
5099
5171
5225
5243
5342
5378
5405
5418
5430
5481
5509
5527
5555
5575
5586
5606
5609
5672
5682
5684
5688
5841
5851
5863
5885
5922
5997
6013
6023
6039
6049
6058
6083
6088
6141
6179
6189
6198
6199
6200
6207
6214
6223
6232
6276
6301
6354
6383
6426
6469
6503
6518
6597
6614
6642
6651
6664
6671
6727
6735
6750
6751
6755
6764
6771
6774
6786
6807
6860
6885
6907
6931
6933
6955
6980
6992
7000
7017
7033
7038
7064
7073
7104
7106
7107
7133
7170
7206
7213
7220
7276
7288
7332
7345
7349
7364
7372
7380
7382
7384
7403
7439
7448
7450
7463
7470
7479
7507
7508
7513
7528
7538
7637
7646
7647
7652
7662
7693
7708
7736
7762
7785
7792
7798
7841
7891
7898
7909
7934
7943
7976
7992
8019
8087
8171
8175
8180
8219
8222
8241
8265
8274
8277
8366
8394
8420
8442
8479
8497
8509
8524
8536
8557
8558
8561
8567
8621
8638
8661
8672
8676
8680
8686
8706
8714
8723
8771
8776
8815
8837
8883
9001
9025
9033
9059
9062
9078
9090
9094
9119
9127
9130
9169
9197
9231
9236
9286
9354
9358
9370
9384
9452
9453
9459
9468
9474
9477
9494
9501
