12
31
78
132
150
191
192
204
207
213
246
250
310
334
358
404
406
414
433
437
458
475
539
551
565
581
583
584
629
647
658
713
729
745
759
820
893
923
924
933
975
999
1071
1072
1077
1083
1090
1112
1120
1183
1206
1209
1222
1236
1248
1252
1271
1289
1301
1303
1318
1331
1365
1368
1384
1387
1448
1455
1460
1474
1514
1524
1559
1591
1662
1669
1734
1746
1754
1791
1805
1824
1906
1918
1920
1931
1943
1967
1970
2006
2043
2055
2085
2173
2192
2261
2274
2288
2297
2317
2329
2358
2380
2448
2497
2505
2506
2513
2518
2531
2543
2558
2561
2605
2628
2653
2655
2675
2728
2736
2758
2768
2820
2838
2842
2861
2864
2881
2906
2908
2911
2912
2917
2931
2942
2944
2963
2964
2998
3003
3012
3033
3043
3072
3098
3137
3177
3195
3201
3207
3246
3290
3304
3330
3359
3389
3422
3423
3432
3473
3489
3492
3503
3514
3516
3534
3537
3543
3548
3571
3584
3597
3598
3606
3631
3632
3656
3676
3692
3744
3773
3811
3849
3854
3867
3873
3877
3892
3914
3979
4006
4009
4050
4069
4091
4093
4099
4103
4118
4198
4232
4245
4253
4267
4276
4278
4287
4315
4329
4340
4358
4371
4376
4402
4404
4419
4425
4430
4455
4507
4508
4510
4526
4565
4570
4582
4627
4640
4745
4752
4757
4775
4799
4808
4834
4864
4865
4888
4897
4913
4914
4927
4932
4955
4964
4975
5031
5043
5045
5061
5083
5091
5109
5130
5135
5138
5183
5201
5212
5243
5267
5352
5356
5371
5453
5455
5481
5524
5557
5562
5611
5618
5673
5680
5681
5701
5744
5826
5829
5831
5844
5855
5880
5910
5930
5963
5973
5975
6035
6061
6063
6068
6081
6083
6102
6109
6152
6159
6207
6232
6235
6254
6261
6274
6337
6371
6421
6422
6478
6534
6606
6641
6679
6704
6709
6716
6746
6750
6754
6775
6800
6801
6811
6812
6818
6864
6865
6869
6884
6885
6888
6891
6947
6968
6969
6977
6980
7016
7040
7047
7053
7103
7104
7126
7134
7152
7154
7165
7186
7199
7202
7234
7263
7279
7280
7281
7325
7331
7333
7379
7428
7501
7506
7511
7612
7654
7666
7669
7681
7701
7718
7733
7743
7752
7756
7769
7780
7792
7793
7846
7850
7863
7908
7942
7994
8007
8027
8078
8079
8082
8106
8126
8156
8160
8250
8253
8273
8274
8292
8316
8321
8335
8383
8398
8427
8431
8445
8478
8491
8515
8554
8575
8583
8603
8615
8619
8628
8663
8664
8668
8703
8723
8746
8769
8778
8831
8842
8861
8877
8879
8933
8934
8936
8958
8970
8972
8989
9005
9012
9016
9031
9099
9112
9123
9125
9126
9127
9132
9143
9211
9226
9233
9263
9274
9275
9298
9314
9381
9382
9384
9385
9387
9388
9389
