4
10
12
50
75
85
111
122
126
138
153
171
176
195
213
240
274
338
372
373
374
416
429
512
518
532
537
553
581
584
608
647
649
739
764
774
790
793
809
834
849
860
887
910
934
980
1001
1040
1048
1067
1074
1132
1182
1237
1243
1250
1259
1271
1283
1295
1413
1437
1462
1470
1510
1531
1543
1549
1553
1596
1615
1632
1687
1712
1717
1732
1744
1752
1765
1818
1822
1825
1893
1943
1958
1967
1998
1999
2005
2019
2059
2066
2075
2085
2124
2130
2134
2149
2253
2264
2281
2308
2323
2325
2358
2364
2380
2381
2582
2600
2602
2608
2612
2616
2654
2681
2684
2710
2748
2766
2803
2841
2850
2892
2898
2909
2966
3010
3020
3047
3053
3066
3074
3075
3089
3096
3099
3106
3128
3176
3183
3188
3210
3215
3217
3226
3234
3236
3266
3313
3335
3340
3372
3386
3394
3491
3492
3496
3497
3501
3504
3511
3553
3557
3623
3626
3639
3687
3709
3718
3722
3754
3759
3770
3783
3797
3802
3804
3807
3840
3877
3905
3913
3925
3932
3990
4011
4039
4053
4055
4062
4065
4113
4117
4118
4132
4133
4152
4154
4156
4231
4252
4269
4291
4296
4303
4311
4317
4318
4334
4342
4391
4405
4408
4414
4418
4436
4437
4467
4468
4502
4505
4512
4531
4562
4570
4584
4599
4603
4624
4644
4656
4657
4717
4720
4730
4763
4791
4806
4810
4818
4829
4832
4836
4858
4862
4922
4965
4972
4991
5010
5017
5020
5034
5077
5081
5135
5142
5146
5156
5204
5258
5285
5430
5431
5442
5454
5465
5510
5637
5644
5698
5702
5719
5737
5748
5763
5812
5830
5851
5868
5885
5894
5942
5960
5975
5981
6012
6014
6017
6030
6045
6049
6121
6250
6258
6273
6281
6289
6309
6336
6351
6386
6393
6409
6416
6453
6483
6501
6514
6515
6533
6544
6552
6567
6583
6643
6682
6683
6692
6700
6725
6728
6730
6745
6752
6756
6776
6786
6795
6800
6803
6805
6809
6852
6879
6937
6944
6988
6998
7006
7039
7060
7104
7115
7131
7155
7159
7172
7202
7226
7300
7326
7327
7340
7351
7359
7360
7369
7381
7387
7410
7421
7471
7477
7491
7503
7519
7522
7529
7558
7563
7601
7660
7675
7702
7705
7737
7753
7777
7793
7843
7867
7875
7886
7927
7932
7954
7978
8008
8015
8071
8115
8132
8181
8242
8260
8268
8286
8335
8376
8381
8398
8411
8424
8425
8446
8455
8509
8513
8540
8569
8588
8598
8627
8652
8658
8659
8660
8661
8678
8712
8724
8735
8759
8777
8783
8789
8791
8864
8889
8892
8898
8934
8942
8949
8966
8992
8997
9037
9061
9078
9093
9095
9099
9107
9120
9160
9240
9246
9250
9252
9264
9272
9276
9282
9290
9291
9292
9293
9294
9299
9301
9302
9303
