51
64
81
82
87
99
103
105
112
165
207
218
244
258
259
289
290
326
333
342
406
432
444
456
464
474
595
604
650
663
682
745
776
780
795
800
837
855
857
862
881
892
914
915
970
1011
1017
1046
1053
1081
1148
1155
1165
1167
1200
1224
1242
1278
1313
1338
1364
1389
1393
1406
1409
1425
1430
1431
1453
1467
1489
1491
1492
1498
1533
1543
1562
1563
1621
1632
1666
1681
1684
1685
1690
1746
1760
1764
1773
1819
1852
1887
1901
1911
1945
1951
1976
1999
2016
2025
2092
2116
2146
2148
2154
2206
2269
2272
2274
2286
2320
2353
2359
2390
2395
2484
2503
2555
2560
2566
2568
2569
2581
2603
2606
2614
2637
2718
2750
2768
2801
2812
2813
2851
2867
2871
2884
2891
2904
2918
2922
2941
3089
3097
3127
3138
3140
3152
3165
3176
3215
3276
3322
3338
3354
3401
3412
3416
3478
3549
3551
3621
3646
3661
3704
3709
3722
3738
3742
3743
3766
3778
3781
3819
3837
3854
3863
3894
3912
3918
3924
3944
3968
3976
3988
4007
4082
4114
4169
4172
4174
4208
4209
4222
4229
4232
4246
4261
4271
4382
4385
4390
4469
4472
4477
4498
4520
4553
4648
4688
4704
4754
4803
4811
4815
4842
4850
4868
4901
4934
4952
4980
5004
5005
5017
5026
5042
5077
5129
5139
5156
5214
5223
5224
5261
5298
5311
5331
5361
5364
5369
5457
5467
5469
5513
5516
5548
5549
5556
5561
5570
5571
5595
5596
5603
5612
5638
5647
5658
5685
5756
5757
5758
5812
5847
5865
5867
5873
5874
5899
5917
5948
5964
6011
6017
6030
6034
6049
6050
6056
6066
6072
6086
6106
6108
6113
6137
6148
6191
6222
6229
6231
6235
6240
6275
6305
6334
6342
6392
6395
6398
6421
6428
6452
6501
6503
6518
6520
6525
6549
6565
6590
6598
6610
6618
6627
6637
6660
6681
6694
6717
6775
6846
6861
6900
6932
6983
7003
7026
7046
7054
7074
7113
7157
7164
7185
7195
7207
7248
7278
7293
7299
7330
7387
7406
7410
7428
7441
7449
7452
7457
7466
7476
7490
7497
7541
7545
7546
7547
7583
7602
7673
7677
7683
7696
7718
7748
7781
7782
7798
7815
7839
7873
7892
7909
7926
7931
7954
7955
7970
7986
8010
8013
8017
8024
8025
8034
8085
8088
8091
8102
8109
8115
8143
8146
8168
8186
8197
8238
8244
8270
8317
8333
8354
8406
8420
8425
8487
8524
8553
8564
8594
8606
8731
8767
8772
8793
8809
8839
8854
8855
8864
8875
8878
8883
8885
8910
8947
8956
8960
8993
9017
9033
9041
9090
9093
9118
9151
9162
9167
9168
9171
9187
9189
9198
9205
9211
9253
9254
9282
9286
9297
9312
9327
9333
9354
9356
9357
9358
9359
9360
9362
9363
9364
9365
