70
71
85
117
144
158
220
223
235
277
290
295
352
368
378
407
418
421
429
459
474
553
561
575
623
642
646
687
700
716
730
766
767
827
828
851
897
901
936
939
946
947
955
959
973
1009
1019
1030
1035
1101
1105
1136
1169
1224
1228
1238
1257
1269
1328
1376
1423
1429
1445
1449
1450
1464
1492
1531
1536
1548
1559
1563
1566
1574
1576
1606
1612
1712
1714
1720
1721
1725
1757
1767
1793
1808
1813
1847
1876
1893
1906
1931
1967
1981
1997
2012
2022
2046
2052
2091
2097
2110
2117
2222
2255
2261
2291
2323
2327
2329
2384
2402
2417
2469
2488
2498
2504
2512
2523
2554
2569
2582
2596
2605
2680
2692
2736
2761
2762
2766
2777
2818
2838
2939
2966
2997
3004
3015
3037
3048
3050
3072
3137
3147
3181
3182
3285
3293
3325
3341
3348
3388
3390
3399
3408
3436
3438
3440
3446
3477
3480
3483
3518
3542
3633
3672
3697
3733
3735
3759
3767
3796
3800
3805
3840
3860
3863
3873
3876
3900
3917
3925
3943
3999
4059
4071
4074
4080
4116
4128
4153
4262
4301
4344
4347
4377
4389
4401
4456
4486
4489
4492
4510
4511
4514
4519
4539
4552
4590
4598
4616
4623
4681
4698
4740
4753
4788
4794
4814
4839
4870
4882
4900
4932
5017
5018
5033
5039
5052
5054
5056
5063
5088
5090
5104
5122
5126
5180
5193
5249
5258
5285
5335
5342
5366
5388
5420
5444
5473
5526
5527
5535
5583
5595
5598
5620
5660
5672
5686
5688
5689
5709
5713
5718
5741
5748
5754
5757
5790
5800
5845
5909
5915
5920
5930
5960
5963
5978
6010
6041
6075
6089
6158
6170
6193
6198
6206
6227
6233
6246
6253
6258
6263
6302
6313
6327
6469
6482
6487
6509
6521
6557
6562
6573
6577
6589
6594
6610
6626
6664
6693
6699
6707
6718
6731
6740
6772
6791
6796
6806
6851
6865
6892
6907
6917
6939
6940
6941
6945
6953
7018
7019
7033
7117
7120
7152
7159
7208
7215
7230
7269
7284
7292
7311
7334
7335
7343
7351
7375
7394
7414
7419
7420
7429
7434
7451
7460
7469
7479
7501
7571
7574
7577
7591
7601
7604
7640
7668
7673
7686
7688
7770
7771
7801
7804
7813
7822
7847
7874
7888
7916
7919
7941
7945
7953
7967
7983
7986
8002
8039
8056
8070
8106
8117
8121
8147
8163
8173
8204
8208
8235
8237
8265
8273
8325
8386
8419
8433
8443
8465
8487
8534
8542
8558
8575
8594
8600
8640
8657
8664
8688
8693
8704
8714
8732
8752
8762
8766
8777
8780
8789
8812
8825
8881
8891
8931
8941
8968
9010
9029
9059
9065
9069
9072
9074
9075
9077
9078
9079
9080
9081
9082
9083
9084
9086
9087
9091
9093
9094
9095
9098
9099
9103
9104
9107
9109
9110
9112
