1
16
48
60
63
148
221
252
336
393
395
398
414
422
444
473
495
505
511
526
540
542
603
641
649
656
667
679
685
706
708
716
744
768
772
782
788
813
841
858
865
886
921
927
1033
1104
1205
1206
1213
1216
1217
1276
1282
1291
1358
1360
1364
1393
1414
1422
1431
1444
1450
1473
1502
1558
1563
1584
1615
1660
1668
1703
1716
1721
1746
1753
1762
1767
1776
1785
1811
1812
1823
1850
1856
1902
1944
2005
2008
2033
2067
2071
2081
2156
2180
2182
2185
2189
2204
2242
2266
2271
2372
2403
2422
2455
2466
2491
2563
2580
2591
2605
2650
2661
2673
2690
2706
2772
2833
2835
2864
2871
2875
2876
2883
2905
2912
2913
2950
2974
2996
2998
3011
3030
3062
3075
3094
3106
3120
3162
3167
3175
3177
3180
3206
3218
3233
3245
3257
3271
3279
3330
3340
3372
3394
3406
3464
3481
3544
3556
3568
3586
3590
3603
3640
3646
3655
3663
3664
3671
3692
3718
3767
3808
3817
3818
3847
3872
3874
3879
3886
3892
3903
3906
3914
3926
3994
3999
4025
4035
4039
4042
4051
4052
4115
4190
4204
4207
4233
4234
4261
4295
4312
4317
4322
4338
4344
4391
4411
4439
4462
4468
4472
4505
4508
4564
4577
4622
4624
4658
4668
4747
4751
4777
4849
4878
4985
4991
4998
5029
5036
5046
5094
5096
5133
5156
5171
5177
5188
5238
5296
5306
5310
5313
5328
5381
5411
5414
5465
5489
5492
5539
5541
5545
5550
5559
5586
5598
5609
5618
5630
5636
5660
5678
5686
5711
5753
5794
5799
5800
5803
5809
5814
5885
5900
5903
5910
5919
5987
6013
6015
6040
6044
6079
6087
6106
6113
6146
6187
6218
6238
6260
6283
6305
6311
6361
6364
6417
6419
6432
6465
6475
6490
6498
6503
6510
6518
6560
6570
6588
6621
6630
6669
6676
6680
6683
6686
6713
6725
6755
6761
6772
6789
6797
6812
6821
6826
6886
6892
6903
6961
6965
6970
7015
7025
7041
7050
7098
7135
7145
7164
7172
7176
7198
7218
7235
7299
7303
7333
7357
7379
7393
7409
7429
7439
7470
7501
7505
7547
7562
7608
7617
7646
7660
7666
7671
7716
7723
7745
7750
7770
7803
7809
7811
7816
7837
7867
7871
7878
7884
7901
7940
7957
7958
7978
7989
8000
8024
8030
8036
8111
8119
8126
8128
8175
8189
8213
8228
8261
8330
8343
8346
8350
8354
8359
8361
8378
8383
8448
8472
8474
8489
8503
8504
8516
8555
8556
8570
8589
8624
8627
8639
8674
8694
8722
8751
8797
8822
8823
8859
8866
8902
8938
8947
8958
8978
8987
9003
9034
9053
9059
9062
9079
9085
9194
9208
9224
9226
9234
9254
9255
9290
9295
9318
9374
9381
9384
9427
9430
9464
9470
9478
9486
9490
9491
