30
44
52
63
75
83
90
96
104
154
170
195
208
249
269
297
339
345
350
366
392
412
424
425
472
474
503
550
589
596
626
633
681
698
709
718
724
746
796
817
822
835
838
870
884
902
909
928
938
966
968
975
992
1009
1023
1036
1092
1099
1137
1146
1186
1195
1206
1232
1233
1247
1299
1330
1333
1346
1392
1429
1443
1465
1471
1483
1490
1571
1588
1658
1660
1665
1682
1694
1717
1734
1761
1787
1792
1801
1810
1814
1815
1863
1879
1885
1891
1897
1995
2004
2018
2031
2129
2159
2166
2204
2253
2265
2270
2292
2299
2336
2356
2408
2417
2426
2434
2442
2458
2499
2522
2542
2553
2579
2603
2617
2623
2652
2695
2719
2722
2745
2775
2789
2796
2797
2822
2852
2903
2908
2914
2929
2930
2960
2985
3003
3043
3109
3129
3137
3151
3214
3237
3238
3243
3268
3270
3277
3288
3290
3294
3298
3302
3317
3319
3328
3339
3368
3382
3396
3409
3448
3463
3479
3487
3506
3514
3552
3584
3596
3626
3650
3686
3693
3704
3710
3738
3799
3800
3843
3904
3978
4001
4011
4037
4087
4102
4138
4217
4230
4231
4247
4261
4276
4310
4368
4399
4428
4433
4434
4459
4470
4474
4505
4538
4547
4566
4611
4620
4676
4693
4694
4729
4739
4763
4793
4802
4830
4837
4861
4865
4866
4870
4883
4887
4889
4910
4914
4918
4934
4954
4966
5048
5093
5094
5114
5120
5124
5137
5139
5161
5202
5228
5241
5253
5396
5398
5407
5424
5425
5436
5438
5477
5479
5536
5538
5553
5582
5586
5614
5625
5644
5653
5658
5674
5698
5700
5760
5818
5837
5864
5901
5917
5929
5997
6007
6042
6045
6125
6153
6167
6176
6204
6216
6217
6221
6226
6230
6235
6270
6284
6309
6325
6332
6347
6377
6395
6420
6452
6473
6479
6529
6576
6585
6608
6619
6624
6649
6686
6692
6704
6748
6750
6809
6849
6859
6897
6906
6921
6925
6940
6955
6980
6993
7090
7098
7124
7174
7188
7196
7198
7213
7263
7283
7292
7336
7346
7351
7381
7385
7409
7411
7429
7479
7488
7505
7511
7516
7518
7552
7562
7570
7600
7625
7626
7630
7643
7648
7653
7656
7657
7674
7699
7706
7720
7743
7758
7774
7791
7828
7849
7883
7886
7892
7911
7940
7956
7959
7971
7974
8051
8105
8110
8147
8148
8152
8171
8174
8192
8206
8217
8218
8249
8262
8307
8325
8338
8351
8352
8372
8374
8382
8401
8407
8437
8455
8461
8471
8556
8583
8594
8683
8738
8740
8767
8778
8786
8822
8833
8845
8874
8896
8901
8921
8944
8947
9005
9019
9021
9036
9044
9063
9066
9086
9093
9113
9114
9116
9117
9119
9120
9121
9122
9124
9128
9129
9131
9132
9136
9137
9142
9143
9144
9148
9150
9151
9153
9155
