3
40
52
72
76
77
90
103
115
120
135
138
147
164
186
201
250
278
281
299
309
326
345
346
449
455
474
486
555
586
638
724
728
736
740
742
773
786
797
871
890
900
943
949
1008
1047
1069
1085
1099
1111
1135
1139
1143
1194
1202
1221
1233
1251
1297
1341
1343
1412
1417
1430
1434
1436
1452
1488
1512
1514
1522
1555
1566
1571
1624
1625
1653
1665
1724
1746
1751
1765
1776
1793
1807
1823
1832
1864
1959
1991
1999
2036
2099
2110
2126
2154
2168
2181
2184
2190
2206
2220
2244
2258
2273
2296
2318
2324
2334
2350
2355
2377
2378
2379
2391
2401
2402
2418
2425
2438
2446
2451
2486
2562
2569
2587
2593
2630
2658
2704
2713
2715
2735
2800
2802
2820
2832
2850
2868
2877
2899
2908
2910
2923
2960
2961
2980
2992
3029
3041
3052
3068
3086
3102
3118
3169
3230
3231
3246
3251
3261
3273
3280
3312
3384
3387
3406
3410
3429
3431
3435
3457
3522
3563
3593
3671
3683
3689
3695
3700
3708
3733
3744
3781
3803
3825
3832
3836
3841
3900
3944
3947
4002
4004
4005
4019
4040
4049
4061
4065
4110
4131
4162
4189
4216
4270
4285
4287
4301
4334
4396
4405
4455
4456
4475
4481
4482
4491
4512
4530
4546
4553
4677
4685
4690
4710
4712
4747
4776
4851
4894
4907
4948
4951
4967
4987
5015
5063
5082
5107
5114
5135
5146
5175
5213
5226
5266
5268
5271
5273
5281
5312
5320
5371
5376
5384
5394
5397
5413
5455
5470
5471
5528
5543
5545
5560
5635
5660
5684
5704
5746
5753
5761
5782
5817
5823
5834
5842
5864
5865
5902
5908
5919
5928
5937
5978
6028
6037
6038
6059
6061
6116
6143
6252
6265
6289
6298
6299
6320
6323
6338
6358
6371
6382
6406
6424
6451
6499
6529
6542
6555
6571
6574
6589
6594
6596
6604
6610
6648
6662
6678
6734
6764
6784
6794
6825
6831
6840
6875
6881
6940
6957
6973
6995
6997
7047
7048
7077
7097
7157
7178
7201
7218
7245
7262
7275
7346
7349
7373
7375
7393
7414
7444
7465
7468
7481
7496
7533
7539
7542
7551
7582
7610
7611
7619
7653
7709
7722
7737
7743
7755
7775
7779
7788
7808
7848
7856
7899
7904
7912
7921
7935
7951
7965
8034
8036
8047
8048
8050
8064
8089
8130
8151
8179
8180
8188
8191
8212
8216
8241
8247
8250
8255
8259
8330
8332
8343
8350
8366
8372
8435
8438
8495
8565
8572
8587
8588
8596
8598
8631
8670
8673
8682
8716
8757
8796
8811
8840
8865
8904
8927
8940
8943
8965
8975
9005
9020
9039
9040
9069
9075
9153
9166
9183
9238
9239
9252
9263
9268
9291
9293
9307
9309
9359
9383
9396
9413
9433
9436
9453
9483
9484
9485
9486
