0
2
53
58
62
114
116
118
153
183
189
207
208
272
284
309
364
414
436
456
468
480
522
523
560
562
594
635
644
668
680
687
712
722
731
733
751
753
757
761
782
790
798
810
812
818
828
879
908
963
977
998
1009
1020
1052
1053
1063
1074
1122
1197
1198
1212
1226
1242
1246
1286
1315
1331
1428
1440
1441
1455
1469
1476
1533
1558
1567
1594
1612
1632
1647
1679
1749
1771
1774
1809
1824
1832
1834
1862
1890
2015
2017
2112
2156
2208
2214
2220
2224
2228
2232
2242
2281
2297
2331
2333
2345
2391
2392
2425
2431
2442
2451
2469
2490
2521
2557
2568
2574
2589
2608
2622
2644
2648
2655
2685
2703
2706
2728
2738
2768
2783
2792
2797
2799
2813
2836
2850
2893
2922
2923
2966
3027
3034
3061
3085
3097
3125
3127
3155
3171
3185
3186
3196
3207
3210
3246
3265
3266
3276
3295
3304
3307
3312
3314
3318
3368
3377
3379
3418
3422
3448
3472
3505
3527
3536
3547
3549
3577
3587
3595
3604
3631
3640
3690
3693
3720
3724
3759
3769
3788
3812
3843
3870
3887
3933
4011
4021
4069
4084
4108
4118
4122
4166
4167
4207
4227
4252
4264
4269
4287
4306
4308
4333
4359
4364
4372
4377
4379
4397
4414
4459
4535
4537
4550
4567
4573
4577
4605
4614
4617
4648
4655
4658
4698
4717
4743
4756
4780
4809
4819
4821
4835
4860
4881
4883
4890
4903
4923
4929
4943
4985
5011
5022
5029
5056
5066
5080
5094
5116
5136
5139
5148
5187
5287
5289
5305
5340
5478
5513
5564
5640
5646
5689
5691
5694
5716
5745
5767
5779
5803
5825
5872
5954
5959
5983
6002
6032
6043
6046
6052
6065
6105
6109
6133
6148
6155
6192
6196
6197
6234
6251
6267
6295
6316
6375
6406
6419
6433
6442
6450
6470
6596
6597
6624
6644
6663
6668
6701
6734
6735
6742
6743
6766
6772
6780
6781
6812
6836
6863
6887
6921
6929
6957
6973
7008
7015
7016
7018
7026
7036
7042
7075
7128
7177
7178
7191
7209
7225
7243
7258
7269
7280
7283
7290
7317
7381
7401
7404
7433
7457
7461
7469
7504
7516
7585
7621
7636
7643
7649
7650
7661
7672
7677
7697
7707
7732
7736
7782
7810
7811
7816
7847
7850
7892
7906
7947
7964
7984
7994
8005
8045
8048
8083
8113
8116
8121
8125
8143
8166
8168
8181
8185
8222
8235
8255
8287
8299
8383
8426
8448
8472
8490
8541
8565
8570
8579
8582
8617
8620
8623
8640
8643
8648
8692
8701
8710
8712
8735
8749
8751
8755
8757
8759
8766
8770
8779
8780
8783
8813
8824
8950
8992
9025
9052
9065
9141
9190
9250
9254
9265
9277
9279
9292
9323
9341
9353
9354
9379
9404
9467
9468
9469
9470
9471
9472
9473
