14
21
33
58
86
106
113
127
161
190
191
227
250
271
274
277
292
320
330
362
365
385
407
436
465
498
523
551
566
600
615
617
672
700
708
716
724
731
775
784
816
820
832
881
905
946
957
968
973
988
999
1028
1035
1060
1115
1134
1156
1177
1193
1211
1255
1256
1274
1321
1325
1359
1390
1401
1430
1452
1455
1463
1465
1469
1476
1483
1508
1509
1544
1555
1558
1565
1591
1601
1620
1691
1699
1732
1754
1783
1803
1809
1817
1833
1840
1870
1883
1916
1937
1968
1979
2005
2030
2051
2060
2069
2087
2108
2155
2170
2180
2188
2204
2219
2235
2246
2262
2272
2284
2310
2346
2380
2387
2393
2413
2414
2423
2436
2458
2491
2555
2624
2648
2679
2702
2738
2804
2816
2858
2865
2868
2870
2900
2934
2936
2957
2968
2971
3016
3068
3117
3142
3144
3155
3163
3274
3287
3341
3354
3378
3386
3417
3437
3439
3443
3455
3496
3499
3507
3508
3543
3570
3598
3622
3642
3654
3716
3746
3755
3814
3821
3825
3842
3846
3894
3917
3977
3984
4020
4040
4044
4056
4101
4122
4125
4129
4143
4144
4145
4176
4196
4243
4271
4337
4353
4355
4382
4427
4440
4455
4466
4474
4485
4588
4650
4701
4730
4762
4771
4831
4845
4870
4880
4890
4901
4915
4955
4980
4994
5053
5075
5092
5093
5117
5126
5143
5146
5157
5176
5193
5217
5222
5232
5236
5237
5268
5276
5292
5306
5307
5331
5353
5355
5366
5373
5402
5431
5466
5479
5480
5482
5489
5490
5499
5531
5539
5584
5622
5694
5706
5725
5726
5746
5753
5771
5791
5853
5856
5895
5944
5994
5996
6001
6010
6015
6027
6053
6084
6100
6162
6164
6197
6213
6240
6256
6262
6273
6289
6308
6317
6370
6377
6397
6443
6461
6478
6493
6497
6530
6545
6551
6561
6575
6579
6585
6591
6592
6596
6604
6615
6628
6688
6691
6717
6730
6731
6745
6788
6799
6814
6823
6855
6884
6888
6965
6979
7021
7078
7145
7195
7205
7207
7252
7256
7257
7260
7266
7286
7290
7316
7322
7349
7381
7384
7386
7389
7410
7418
7424
7453
7462
7487
7488
7501
7515
7550
7574
7575
7578
7584
7599
7606
7626
7697
7722
7753
7757
7760
7797
7803
7818
7832
7849
7869
7880
7889
7909
7915
7918
8023
8028
8051
8065
8080
8108
8146
8162
8216
8230
8237
8272
8297
8299
8300
8312
8353
8365
8384
8421
8464
8499
8517
8540
8555
8594
8605
8627
8628
8661
8673
8680
8696
8703
8717
8720
8727
8733
8736
8767
8770
8816
8841
8849
8852
8856
8876
8878
8908
8909
8928
8933
8962
8967
8986
9009
9020
9054
9089
9092
9109
9129
9168
9178
9182
9191
9276
9287
9288
9289
9328
9332
9338
9341
9389
9394
9408
9436
9446
9464
9465
9466
