18
19
25
43
45
46
52
68
100
112
163
193
197
201
202
286
313
345
349
371
452
464
466
490
496
515
540
546
551
599
637
647
661
676
798
832
834
843
845
863
876
881
899
913
917
922
936
948
1055
1090
1095
1096
1111
1128
1132
1178
1191
1216
1233
1238
1284
1289
1304
1317
1331
1352
1372
1392
1394
1429
1430
1440
1449
1471
1477
1502
1516
1536
1556
1557
1601
1647
1659
1666
1709
1711
1714
1745
1761
1774
1780
1789
1852
1860
1895
1896
1925
1954
1975
1985
1996
2016
2093
2104
2123
2124
2139
2143
2177
2180
2192
2204
2226
2234
2249
2255
2262
2322
2369
2377
2380
2394
2413
2431
2453
2579
2621
2623
2644
2666
2678
2684
2691
2712
2728
2741
2752
2773
2783
2863
2892
2899
2916
2917
2923
2960
2983
2994
3000
3014
3032
3056
3097
3104
3108
3133
3140
3180
3202
3208
3216
3232
3246
3312
3322
3346
3349
3355
3363
3374
3375
3380
3408
3429
3430
3435
3436
3479
3497
3517
3540
3562
3571
3580
3582
3590
3621
3623
3645
3674
3676
3699
3700
3709
3713
3719
3752
3773
3787
3813
3825
3856
3859
3884
3894
3922
3967
4028
4046
4082
4162
4215
4218
4229
4242
4267
4291
4344
4366
4378
4394
4400
4418
4449
4458
4461
4491
4501
4536
4581
4602
4615
4619
4621
4639
4640
4683
4688
4706
4719
4731
4739
4740
4762
4766
4773
4796
4804
4822
4823
4853
4922
4935
4943
4969
4971
4990
5009
5014
5065
5068
5135
5150
5163
5173
5178
5213
5236
5256
5257
5263
5293
5314
5316
5320
5331
5363
5364
5405
5429
5446
5463
5469
5474
5484
5521
5553
5597
5609
5618
5660
5672
5725
5740
5759
5763
5819
5823
5825
5836
5895
5912
5943
5961
5966
5983
5984
6027
6038
6049
6051
6142
6177
6299
6304
6317
6321
6346
6391
6396
6400
6439
6452
6455
6473
6533
6558
6580
6610
6615
6628
6650
6665
6691
6725
6774
6807
6812
6816
6885
6898
6975
6977
6978
7006
7014
7026
7030
7038
7066
7129
7167
7168
7181
7185
7218
7230
7237
7238
7269
7270
7381
7403
7449
7463
7487
7494
7497
7522
7531
7540
7578
7615
7635
7646
7665
7672
7723
7770
7776
7803
7825
7857
7866
7879
7890
7903
7908
7926
7937
7993
8007
8013
8015
8017
8042
8050
8054
8069
8083
8091
8129
8132
8137
8187
8223
8239
8250
8295
8357
8359
8365
8377
8400
8401
8402
8404
8409
8418
8532
8536
8548
8552
8555
8561
8569
8649
8657
8664
8666
8677
8711
8739
8747
8759
8784
8788
8793
8802
8863
8897
8929
8956
8960
8977
8980
8988
9046
9056
9057
9090
9103
9215
9220
9222
9251
9286
9288
9323
9330
9357
9358
9398
9420
9436
9437
