5
20
31
37
45
52
65
93
107
123
135
173
176
202
204
210
215
220
264
276
283
371
396
399
467
493
556
564
589
593
622
623
649
663
747
754
766
843
869
873
902
909
925
985
988
992
1027
1047
1078
1080
1107
1143
1159
1163
1169
1181
1305
1315
1323
1337
1343
1349
1360
1366
1375
1381
1382
1388
1397
1430
1516
1518
1546
1580
1592
1599
1609
1617
1637
1663
1671
1678
1695
1702
1707
1726
1736
1751
1761
1777
1798
1805
1815
1817
1821
1926
1929
1951
1976
1984
1999
2013
2015
2023
2035
2055
2090
2135
2163
2194
2211
2213
2231
2241
2295
2296
2308
2354
2374
2384
2428
2492
2495
2501
2544
2548
2574
2579
2598
2612
2629
2633
2650
2657
2679
2694
2735
2795
2801
2825
2827
2863
2888
2891
2906
2911
2914
2945
2949
2965
2994
3017
3025
3044
3050
3051
3124
3134
3191
3228
3235
3240
3253
3286
3354
3358
3399
3453
3465
3481
3498
3527
3532
3534
3536
3542
3608
3622
3643
3665
3722
3755
3784
3785
3789
3814
3818
3833
3854
3870
3875
3903
3966
4045
4066
4081
4095
4107
4108
4112
4131
4147
4155
4166
4198
4214
4215
4274
4278
4280
4294
4303
4341
4349
4400
4442
4454
4459
4466
4506
4508
4522
4524
4536
4564
4574
4599
4688
4699
4708
4729
4752
4769
4883
4915
4931
4937
4946
4977
5000
5002
5011
5021
5028
5031
5088
5129
5150
5184
5216
5233
5243
5251
5256
5280
5302
5344
5354
5374
5439
5453
5467
5480
5488
5496
5517
5545
5558
5566
5597
5624
5627
5628
5631
5634
5647
5745
5792
5837
5841
5864
5870
5872
5954
5957
5959
5986
6062
6065
6095
6124
6145
6156
6174
6190
6198
6199
6237
6263
6276
6277
6300
6317
6318
6402
6414
6454
6517
6530
6549
6554
6574
6598
6626
6631
6675
6679
6709
6726
6731
6734
6772
6786
6829
6875
6882
6901
6989
6993
7006
7023
7026
7055
7092
7101
7186
7209
7246
7314
7324
7339
7348
7355
7382
7389
7396
7415
7416
7428
7466
7490
7493
7497
7517
7528
7571
7573
7590
7606
7618
7625
7672
7675
7689
7698
7717
7725
7768
7770
7788
7831
7836
7838
7839
7884
7900
7929
7947
7991
7998
8021
8047
8070
8095
8107
8137
8159
8165
8187
8194
8222
8232
8289
8317
8340
8346
8348
8351
8365
8388
8391
8422
8423
8442
8461
8489
8500
8516
8521
8522
8553
8557
8565
8574
8580
8589
8594
8602
8631
8663
8687
8693
8704
8729
8746
8751
8782
8785
8793
8843
8859
8896
8902
8956
9057
9081
9109
9119
9147
9160
9162
9201
9217
9229
9243
9244
9245
9247
9249
9250
9251
9254
9255
9256
9258
9260
9261
9264
9265
9266
9270
