12
25
80
85
111
141
172
183
214
288
295
300
362
432
442
461
462
505
544
547
549
565
592
597
647
664
677
734
735
739
751
766
773
778
787
838
844
847
850
862
884
890
897
901
915
931
948
962
1011
1048
1056
1067
1070
1104
1130
1136
1169
1191
1207
1209
1221
1229
1236
1244
1251
1253
1266
1291
1293
1328
1368
1378
1382
1389
1397
1405
1428
1545
1580
1583
1606
1614
1621
1657
1675
1701
1710
1776
1794
1796
1808
1818
1821
1823
1850
1870
1906
1924
1969
1975
2014
2019
2057
2151
2210
2227
2230
2263
2315
2342
2344
2355
2366
2368
2401
2410
2411
2419
2452
2506
2518
2528
2529
2532
2534
2551
2566
2575
2582
2583
2598
2609
2636
2657
2663
2676
2759
2778
2820
2846
2931
2983
3005
3011
3021
3029
3079
3116
3137
3142
3163
3173
3176
3182
3183
3187
3192
3254
3276
3288
3299
3356
3419
3435
3476
3629
3670
3685
3701
3719
3752
3764
3774
3785
3791
3817
3821
3888
3919
3956
3957
3977
3982
3992
4016
4023
4037
4046
4048
4056
4066
4073
4093
4096
4123
4203
4230
4257
4258
4304
4343
4344
4377
4417
4509
4553
4577
4597
4598
4609
4627
4634
4639
4640
4672
4677
4717
4728
4746
4748
4754
4794
4817
4882
4912
4945
4947
4952
4960
5014
5020
5021
5026
5046
5052
5057
5064
5097
5115
5133
5136
5220
5232
5238
5253
5278
5298
5337
5373
5382
5447
5472
5474
5525
5531
5532
5548
5575
5594
5640
5650
5657
5663
5670
5680
5701
5712
5717
5718
5727
5737
5745
5750
5810
5818
5851
5857
5861
5867
5878
5913
5931
5938
5962
5967
5988
6016
6119
6175
6184
6185
6197
6198
6204
6206
6213
6214
6220
6232
6240
6250
6284
6286
6288
6298
6316
6355
6401
6443
6468
6469
6490
6514
6568
6693
6703
6749
6765
6774
6816
6840
6944
6988
7005
7011
7039
7066
7078
7088
7120
7124
7142
7146
7179
7196
7203
7208
7234
7256
7259
7271
7288
7290
7295
7302
7307
7325
7333
7345
7378
7419
7430
7521
7548
7554
7576
7590
7599
7624
7630
7640
7682
7722
7724
7729
7735
7781
7798
7810
7835
7838
7901
7903
7920
7931
7953
7978
8024
8035
8078
8091
8101
8111
8144
8153
8173
8183
8233
8234
8238
8241
8277
8287
8313
8319
8332
8334
8343
8357
8358
8394
8400
8403
8426
8433
8447
8455
8458
8480
8530
8561
8588
8594
8599
8630
8646
8650
8654
8657
8661
8693
8702
8709
8722
8750
8764
8775
8783
8803
8882
8887
8922
8969
8972
8986
8993
9028
9035
9061
9084
9104
9113
9118
9133
9144
9177
9180
9206
9238
9245
9252
9271
9285
9290
9295
9320
9341
9374
9375
9388
9390
9401
9429
9448
9473
9485
9495
