21
36
46
85
86
88
103
105
122
148
166
198
216
240
261
322
369
393
440
481
624
634
665
699
722
742
743
759
761
763
821
833
863
865
885
900
908
913
926
927
932
940
993
1018
1021
1055
1088
1099
1118
1132
1190
1219
1229
1259
1264
1265
1272
1273
1280
1284
1324
1335
1355
1366
1391
1424
1455
1473
1477
1491
1518
1532
1546
1558
1560
1566
1604
1613
1621
1623
1625
1711
1723
1726
1748
1752
1797
1827
1832
1861
1897
1906
1926
1946
1961
1966
1967
1970
1984
2005
2035
2063
2066
2070
2094
2098
2133
2141
2215
2216
2219
2229
2266
2277
2290
2319
2367
2396
2420
2427
2446
2490
2507
2537
2549
2571
2582
2591
2622
2635
2639
2644
2648
2662
2696
2770
2781
2806
2812
2814
2891
2912
2940
2957
2978
3001
3015
3041
3049
3113
3140
3146
3151
3154
3168
3169
3227
3268
3278
3289
3306
3308
3374
3379
3400
3404
3416
3418
3436
3444
3462
3472
3484
3490
3508
3557
3560
3583
3607
3628
3640
3727
3733
3760
3779
3795
3807
3817
3856
3872
3874
3910
3925
3930
3937
3947
3966
4014
4020
4021
4048
4050
4095
4105
4114
4122
4124
4138
4144
4197
4203
4207
4211
4236
4268
4282
4298
4355
4375
4383
4396
4414
4424
4441
4449
4496
4529
4542
4547
4567
4573
4606
4618
4711
4794
4802
4824
4848
4869
4924
4948
4960
5065
5067
5071
5096
5118
5153
5158
5159
5173
5177
5184
5195
5210
5217
5244
5256
5285
5371
5464
5521
5530
5549
5563
5565
5585
5590
5594
5621
5626
5629
5663
5667
5669
5670
5687
5697
5733
5756
5757
5771
5780
5873
5900
5941
6010
6033
6048
6083
6117
6141
6165
6197
6213
6239
6257
6279
6283
6305
6326
6340
6345
6394
6403
6408
6432
6459
6491
6494
6508
6509
6520
6562
6597
6601
6607
6630
6659
6705
6720
6724
6730
6737
6768
6806
6811
6881
6896
6912
6918
6944
6958
6960
6972
6990
7017
7032
7063
7069
7085
7128
7150
7152
7165
7168
7170
7183
7203
7206
7210
7216
7220
7237
7270
7287
7309
7319
7340
7372
7375
7425
7448
7463
7473
7485
7504
7524
7537
7538
7539
7553
7625
7641
7673
7678
7684
7688
7696
7700
7713
7715
7718
7724
7725
7727
7728
7731
7741
7742
7745
7746
7748
7750
7751
7762
7765
7767
7768
7770
7775
7776
7782
7789
7790
7791
7792
7794
7799
7802
7814
7816
7817
7825
7831
7837
7839
7848
7852
7855
7863
7870
7873
7878
7879
7880
7883
7885
7888
7892
7895
7901
7902
7915
7924
7942
7945
7960
7965
7966
7968
7971
7972
7977
7978
7984
7985
7988
7999
8001
