31
41
75
95
98
104
124
142
145
162
165
177
210
235
263
269
281
295
355
386
408
414
427
449
474
493
497
505
570
585
595
605
633
669
695
713
742
744
754
793
797
800
813
852
858
865
885
912
924
949
968
988
993
995
1032
1048
1050
1068
1096
1124
1125
1149
1150
1162
1174
1215
1216
1241
1269
1360
1387
1406
1435
1450
1459
1470
1480
1496
1533
1565
1583
1592
1594
1614
1682
1714
1729
1752
1753
1756
1762
1782
1821
1824
1847
1902
1922
1972
1978
1992
2014
2020
2089
2104
2111
2140
2211
2215
2221
2319
2330
2358
2377
2400
2443
2456
2460
2464
2475
2476
2521
2527
2560
2633
2647
2673
2695
2727
2733
2737
2739
2745
2751
2769
2791
2855
2872
2874
2880
2922
2923
2927
2935
2952
2997
3013
3025
3031
3032
3051
3084
3130
3157
3168
3169
3210
3215
3241
3243
3249
3259
3284
3287
3300
3302
3325
3346
3350
3389
3436
3450
3467
3508
3546
3567
3581
3600
3618
3638
3648
3649
3651
3654
3688
3730
3751
3786
3809
3815
3835
3852
3885
3921
3942
3946
3958
4010
4055
4056
4107
4110
4120
4128
4163
4170
4183
4184
4188
4251
4257
4294
4307
4324
4346
4357
4369
4394
4399
4416
4417
4421
4437
4455
4485
4488
4510
4519
4526
4572
4608
4643
4651
4687
4711
4729
4732
4754
4800
4806
4807
4808
4843
4850
4872
4922
4954
4969
4972
4974
4991
5003
5028
5031
5048
5061
5089
5155
5172
5195
5201
5221
5231
5271
5274
5283
5352
5355
5361
5396
5404
5437
5438
5446
5466
5478
5494
5529
5563
5589
5619
5630
5634
5638
5668
5671
5678
5685
5753
5773
5793
5799
5811
5835
5847
5857
5910
5946
5991
6002
6007
6012
6014
6031
6045
6070
6071
6103
6141
6161
6174
6214
6225
6245
6258
6261
6297
6309
6310
6327
6330
6368
6393
6418
6426
6446
6480
6498
6526
6585
6589
6602
6603
6604
6607
6610
6655
6677
6716
6744
6873
6880
6904
6947
6959
6976
6992
7000
7037
7098
7102
7108
7112
7120
7167
7175
7197
7206
7232
7247
7278
7332
7342
7350
7382
7398
7486
7503
7541
7566
7619
7622
7629
7674
7677
7742
7749
7767
7769
7818
7826
7827
7846
7870
7873
7889
7909
7919
7929
7957
7983
8007
8019
8062
8063
8073
8086
8119
8138
8168
8173
8182
8190
8196
8209
8211
8274
8290
8316
8351
8357
8378
8408
8412
8424
8491
8492
8520
8563
8610
8629
8645
8672
8694
8722
8807
8868
8873
8904
8909
8917
8951
8953
8978
8980
8982
8993
8996
8997
9057
9070
9081
9097
9108
9110
9111
9119
9146
9159
9162
9169
9177
9215
9235
9275
9279
9280
9282
9283
9285
9286
9287
9289
