54
57
95
100
102
120
125
202
204
208
223
354
359
371
385
418
447
462
482
502
520
521
544
568
616
619
629
646
662
667
697
700
724
746
747
757
805
839
867
869
893
898
953
958
990
994
998
1000
1014
1045
1060
1064
1069
1089
1123
1125
1132
1163
1166
1233
1245
1247
1277
1358
1387
1403
1417
1423
1446
1491
1566
1618
1641
1647
1680
1683
1714
1747
1749
1757
1764
1780
1793
1800
1804
1811
1817
1842
1877
1885
1915
1917
1933
1945
1953
1969
2014
2035
2078
2086
2091
2099
2103
2119
2213
2224
2277
2317
2353
2363
2372
2382
2419
2460
2461
2489
2504
2511
2535
2537
2549
2609
2621
2655
2681
2691
2694
2703
2777
2807
2808
2924
2927
2960
2965
2996
3007
3012
3031
3044
3060
3061
3087
3129
3147
3169
3177
3220
3224
3229
3250
3265
3270
3281
3295
3348
3356
3377
3380
3388
3399
3492
3494
3501
3503
3580
3581
3609
3624
3633
3638
3643
3690
3697
3699
3732
3738
3764
3774
3823
3832
3855
3862
3886
3921
3967
3976
3993
4046
4059
4113
4143
4147
4150
4160
4195
4211
4217
4220
4226
4228
4230
4235
4273
4283
4319
4322
4329
4352
4374
4375
4380
4385
4406
4411
4418
4422
4440
4448
4449
4485
4501
4547
4549
4561
4606
4612
4630
4633
4657
4670
4708
4716
4727
4803
4811
4812
4845
4850
4867
4869
4872
4904
4936
4946
4996
5040
5053
5061
5071
5078
5081
5085
5093
5094
5105
5107
5111
5116
5133
5153
5174
5188
5204
5211
5218
5239
5247
5298
5316
5350
5409
5411
5413
5418
5428
5444
5446
5463
5483
5486
5527
5528
5543
5548
5556
5621
5626
5627
5662
5692
5693
5696
5734
5784
5805
5809
5811
5864
5879
5890
5899
5903
5908
5918
5945
5949
5968
5971
5982
5998
6026
6037
6040
6044
6071
6073
6094
6109
6144
6145
6172
6196
6227
6282
6286
6305
6340
6352
6369
6385
6413
6479
6487
6494
6513
6535
6565
6582
6590
6597
6605
6618
6624
6648
6657
6670
6675
6688
6711
6762
6773
6781
6787
6788
6811
6819
6873
6874
6885
6899
6914
6938
6951
6963
6990
7007
7049
7052
7125
7186
7225
7233
7265
7271
7287
7355
7372
7398
7451
7461
7466
7539
7541
7561
7582
7584
7605
7643
7651
7682
7724
7740
7747
7758
7778
7784
7801
7815
7871
7883
7919
7938
7949
7984
8011
8039
8061
8110
8120
8121
8167
8170
8178
8181
8182
8229
8234
8322
8323
8333
8357
8369
8381
8391
8396
8451
8495
8538
8584
8601
8623
8641
8657
8660
8702
8706
8729
8749
8774
8780
8786
8794
8845
8898
8912
8913
8925
8956
8977
9030
9045
9070
9105
9125
9211
9231
9239
9298
9341
9369
9428
9485
9497
