8
13
18
21
26
43
53
77
99
100
133
185
204
206
223
240
247
304
311
337
351
363
367
375
384
405
412
414
421
427
473
513
518
523
533
574
592
593
622
627
655
698
699
705
736
818
819
835
855
867
888
901
928
929
943
955
980
983
985
987
1003
1024
1047
1057
1069
1089
1119
1127
1130
1140
1143
1151
1156
1159
1205
1226
1227
1240
1304
1326
1467
1477
1486
1490
1503
1507
1526
1533
1545
1578
1661
1663
1688
1729
1769
1771
1809
1823
1849
1855
1863
1866
1884
1889
1892
1941
1952
1985
1992
1997
2006
2010
2014
2032
2077
2081
2196
2206
2216
2218
2230
2250
2267
2275
2282
2347
2354
2397
2399
2401
2437
2478
2509
2520
2535
2542
2544
2548
2558
2604
2627
2653
2658
2668
2677
2691
2722
2735
2768
2782
2804
2810
2821
2824
2831
2834
2847
2907
2915
2927
2934
2950
3009
3021
3038
3048
3052
3075
3086
3130
3160
3193
3199
3235
3253
3255
3281
3305
3331
3340
3384
3394
3396
3411
3419
3420
3448
3461
3502
3566
3567
3607
3611
3642
3645
3670
3697
3729
3739
3796
3801
3813
3847
3851
3865
3930
3936
3943
3976
3995
3998
4006
4021
4033
4037
4074
4093
4101
4102
4104
4159
4161
4202
4218
4232
4237
4239
4327
4355
4374
4396
4422
4425
4429
4450
4451
4452
4488
4539
4561
4567
4584
4596
4602
4618
4634
4641
4653
4669
4683
4687
4702
4722
4756
4772
4781
4790
4812
4816
4830
4838
4918
4951
4966
4983
4989
5010
5035
5040
5056
5058
5111
5124
5131
5141
5151
5161
5169
5246
5270
5295
5304
5314
5360
5361
5379
5383
5414
5459
5464
5467
5474
5521
5533
5541
5600
5603
5656
5661
5663
5680
5701
5702
5710
5721
5747
5780
5785
5798
5832
5892
5920
5954
5972
5980
5983
6038
6045
6048
6061
6065
6068
6073
6074
6097
6122
6183
6187
6204
6209
6216
6220
6283
6317
6335
6366
6406
6407
6418
6425
6437
6452
6466
6498
6584
6646
6668
6684
6693
6698
6701
6721
6752
6758
6792
6818
6844
6864
6903
6921
6929
6996
7032
7035
7044
7075
7109
7185
7205
7240
7272
7290
7320
7344
7353
7384
7392
7408
7413
7439
7449
7481
7528
7569
7581
7648
7650
7664
7673
7676
7708
7742
7756
7774
7788
7848
7855
7896
7921
7941
8059
8079
8092
8136
8159
8196
8205
8217
8219
8220
8223
8235
8315
8369
8370
8387
8398
8413
8416
8417
8423
8450
8452
8466
8477
8487
8554
8580
8604
8616
8663
8679
8693
8732
8759
8807
8815
8823
8844
8908
8913
8923
8926
8984
8993
9009
9047
9050
9073
9080
9088
9093
9158
9174
9233
9260
9266
9293
9308
9387
9427
9434
9473
9502
9503
9504
9505
9506
