3
6
8
9
40
47
58
72
82
104
105
132
167
212
216
221
223
269
289
369
415
438
441
462
484
489
490
513
527
540
547
552
561
595
601
647
663
690
698
699
706
747
752
763
767
771
788
799
833
845
846
857
869
870
871
913
927
967
980
984
986
995
1001
1055
1060
1071
1088
1105
1131
1154
1155
1161
1162
1183
1209
1221
1230
1243
1321
1335
1349
1359
1396
1414
1420
1442
1444
1475
1509
1532
1546
1568
1572
1593
1638
1640
1646
1651
1660
1674
1712
1750
1766
1771
1835
1869
1916
1943
1945
1961
1972
1974
1986
1993
2022
2028
2042
2049
2064
2090
2229
2236
2283
2300
2306
2319
2373
2374
2401
2402
2452
2469
2530
2537
2542
2576
2624
2650
2661
2681
2700
2722
2724
2733
2737
2764
2809
2814
2826
2867
2900
2902
2913
2996
3014
3043
3051
3065
3089
3104
3126
3179
3202
3205
3216
3224
3247
3256
3320
3358
3402
3403
3409
3429
3448
3449
3457
3501
3545
3552
3563
3586
3708
3757
3758
3855
3878
3883
3889
3948
3955
3960
3991
4014
4038
4060
4121
4125
4142
4144
4145
4151
4152
4169
4184
4195
4198
4200
4209
4212
4242
4245
4262
4319
4359
4365
4389
4401
4423
4473
4478
4504
4552
4560
4602
4613
4614
4636
4664
4667
4671
4745
4765
4770
4777
4799
4812
4820
4827
4832
4902
4904
4915
4934
4949
4967
5016
5022
5043
5065
5082
5101
5150
5222
5225
5237
5250
5275
5295
5316
5377
5378
5380
5393
5412
5450
5492
5495
5508
5515
5532
5537
5556
5581
5582
5588
5658
5663
5681
5698
5722
5724
5729
5731
5739
5743
5747
5753
5784
5788
5819
5888
5889
5926
5943
5960
5968
5993
6066
6070
6088
6116
6123
6172
6188
6246
6248
6256
6260
6268
6287
6288
6291
6337
6372
6426
6443
6510
6542
6556
6563
6602
6622
6623
6646
6658
6661
6662
6730
6738
6741
6743
6774
6836
6896
6897
6902
6939
6944
7008
7010
7017
7018
7087
7101
7116
7156
7173
7195
7210
7212
7223
7236
7240
7252
7258
7264
7286
7320
7358
7362
7363
7393
7410
7414
7437
7515
7529
7550
7555
7560
7583
7594
7622
7627
7631
7648
7667
7705
7748
7763
7779
7784
7824
7834
7835
7837
7844
7888
7912
7914
7920
7921
7937
7971
7979
8002
8015
8027
8108
8136
8148
8183
8206
8219
8223
8273
8293
8430
8445
8466
8496
8499
8510
8550
8571
8577
8662
8669
8674
8711
8739
8771
8788
8793
8796
8802
8828
8831
8850
8865
8885
8912
8961
8975
8995
9012
9014
9022
9040
9070
9074
9114
9121
9124
9125
9166
9227
9245
9259
9269
9279
9284
9316
9319
9337
9430
9441
9464
9481
9499
9519
