32
36
74
77
109
127
130
153
160
161
162
202
254
265
273
325
329
343
369
370
373
413
428
494
550
562
581
607
626
645
650
741
745
786
790
823
829
843
866
881
894
903
908
954
974
978
995
1017
1019
1029
1040
1047
1057
1084
1092
1107
1122
1136
1150
1180
1182
1203
1240
1250
1255
1256
1269
1287
1294
1306
1318
1410
1439
1452
1474
1479
1525
1536
1539
1550
1569
1612
1627
1662
1690
1742
1754
1782
1800
1801
1807
1831
1852
1858
1872
1875
1876
1885
1904
1931
1949
1983
2027
2040
2057
2102
2105
2142
2154
2238
2275
2279
2328
2343
2395
2403
2425
2439
2506
2516
2542
2546
2601
2624
2626
2642
2683
2700
2702
2706
2722
2746
2811
2843
2874
2894
2899
2912
2938
2951
2961
2993
2996
3003
3017
3061
3097
3111
3133
3148
3150
3151
3156
3158
3179
3190
3200
3202
3205
3220
3230
3248
3253
3296
3309
3359
3377
3394
3399
3425
3475
3508
3532
3537
3540
3568
3581
3631
3639
3640
3655
3656
3664
3699
3705
3740
3744
3759
3785
3790
3804
3828
3881
3887
3890
3910
3924
3961
3979
3991
4002
4007
4056
4060
4070
4089
4107
4130
4186
4197
4212
4228
4304
4313
4345
4355
4369
4447
4521
4524
4531
4548
4604
4623
4651
4745
4747
4754
4759
4776
4793
4794
4808
4814
4853
4860
4869
4875
4885
4887
4909
4974
5000
5009
5025
5029
5049
5051
5062
5067
5071
5115
5123
5127
5175
5207
5230
5303
5306
5317
5350
5353
5426
5432
5493
5518
5554
5570
5611
5640
5683
5694
5728
5737
5738
5761
5762
5768
5798
5823
5833
5845
5849
5851
5861
5867
5900
5924
5926
5937
5961
6009
6037
6039
6050
6102
6142
6148
6165
6175
6198
6230
6272
6279
6286
6314
6320
6325
6340
6377
6398
6399
6410
6449
6501
6527
6562
6563
6589
6602
6667
6674
6692
6703
6709
6721
6728
6751
6811
6835
6841
6862
6890
6893
6930
6936
6949
6986
6995
7014
7055
7067
7085
7092
7093
7104
7179
7193
7210
7211
7236
7271
7297
7357
7367
7388
7415
7434
7440
7456
7497
7532
7541
7551
7588
7599
7602
7604
7605
7619
7626
7632
7646
7650
7658
7694
7720
7727
7746
7749
7774
7792
7850
7865
7975
7998
8004
8009
8012
8018
8026
8040
8057
8080
8093
8136
8143
8145
8146
8174
8217
8241
8243
8312
8320
8351
8372
8382
8406
8415
8416
8417
8478
8488
8523
8558
8563
8576
8645
8688
8710
8726
8740
8751
8755
8784
8787
8789
8795
8839
8873
8907
8909
8938
9004
9023
9070
9075
9076
9077
9123
9153
9162
9169
9182
9184
9187
9190
9201
9209
9217
9235
9251
9308
9321
9347
9381
9408
9412
9437
9455
9480
9481
9482
