42
52
71
75
96
125
135
148
193
212
255
258
282
300
329
350
356
361
376
395
408
414
417
434
438
483
507
517
551
588
604
613
641
647
726
815
867
869
923
966
986
1081
1130
1134
1162
1168
1201
1208
1270
1303
1310
1331
1341
1348
1360
1374
1390
1403
1430
1432
1440
1445
1472
1477
1498
1502
1513
1516
1531
1572
1581
1622
1637
1642
1673
1693
1706
1712
1720
1727
1744
1810
1818
1832
1833
1835
1847
1902
1917
1992
2000
2021
2052
2109
2122
2162
2188
2193
2223
2229
2300
2301
2303
2309
2363
2365
2381
2382
2397
2405
2448
2518
2537
2538
2559
2583
2598
2627
2630
2632
2646
2673
2686
2689
2692
2778
2821
2826
2828
2837
2861
2862
2871
2899
2916
2938
2958
2966
2974
2976
3000
3015
3047
3094
3137
3142
3166
3204
3215
3223
3255
3293
3306
3347
3392
3397
3409
3416
3433
3444
3477
3487
3496
3511
3514
3597
3617
3664
3696
3709
3710
3722
3732
3767
3783
3842
3878
3953
4007
4012
4014
4038
4055
4064
4067
4135
4171
4182
4188
4213
4215
4223
4255
4295
4329
4352
4412
4413
4420
4445
4465
4468
4500
4523
4549
4558
4561
4562
4583
4601
4604
4606
4611
4634
4651
4673
4678
4745
4754
4778
4794
4815
4830
4842
4871
4893
4919
4920
4959
4964
4970
5017
5088
5094
5096
5130
5144
5178
5189
5196
5235
5240
5254
5255
5269
5273
5275
5285
5298
5301
5322
5331
5335
5376
5389
5392
5424
5428
5430
5435
5437
5474
5486
5496
5497
5505
5509
5538
5554
5574
5591
5593
5614
5628
5665
5673
5702
5709
5719
5723
5733
5758
5760
5783
5789
5811
5813
5819
5855
5858
5888
5891
5921
5925
5946
5949
5950
5952
5959
5962
5965
5966
5990
5999
6000
6013
6015
6020
6026
6037
6044
6053
6077
6098
6108
6113
6138
6139
6150
6155
6161
6176
6192
6203
6206
6209
6212
6220
6229
6232
6235
6263
6271
6274
6278
6288
6290
6291
6307
6313
6329
6337
6345
6346
6372
6400
6401
6405
6406
6429
6443
6451
6452
6468
6475
6476
6479
6496
6501
6511
6512
6518
