10
11
22
70
78
139
156
258
269
278
316
344
375
384
432
452
478
512
520
527
546
555
556
573
579
586
668
689
748
757
772
788
796
811
826
833
860
879
899
908
910
915
936
941
957
1000
1006
1015
1030
1034
1038
1045
1055
1068
1084
1086
1095
1120
1157
1165
1182
1191
1242
1248
1251
1259
1283
1296
1300
1324
1337
1341
1362
1399
1402
1414
1415
1431
1456
1493
1516
1587
1594
1613
1624
1628
1668
1709
1719
1723
1726
1728
1758
1759
1785
1811
1821
1832
1845
1915
1949
1968
1983
1989
1998
2027
2051
2064
2075
2097
2112
2133
2149
2163
2202
2232
2245
2257
2261
2272
2275
2287
2298
2301
2364
2375
2385
2404
2410
2420
2424
2438
2453
2503
2564
2565
2593
2601
2603
2604
2625
2656
2665
2674
2744
2757
2772
2778
2799
2811
2819
2826
2893
2907
2918
2929
2937
2961
3014
3019
3045
3101
3131
3150
3154
3177
3202
3207
3257
3275
3295
3304
3327
3335
3381
3390
3455
3460
3495
3502
3507
3528
3529
3542
3552
3557
3618
3635
3642
3659
3664
3736
3745
3770
3798
3801
3817
3838
3879
3885
3912
3916
3957
3969
3984
3995
4019
4034
4061
4100
4108
4112
4148
4161
4273
4285
4327
4341
4347
4351
4366
4367
4397
4428
4468
4523
4545
4585
4593
4609
4637
4661
4667
4669
4695
4700
4706
4734
4741
4743
4756
4774
4791
4793
4799
4819
4883
4885
4923
4928
4967
4988
4993
5026
5038
5093
5104
5117
5129
5139
5152
5157
5248
5272
5279
5336
5382
5383
5410
5421
5430
5466
5469
5475
5478
5487
5520
5521
5547
5599
5604
5617
5628
5634
5647
5675
5729
5740
5824
5836
5870
5910
5921
5961
5971
6014
6041
6085
6101
6112
6182
6205
6251
6253
6288
6289
6292
6353
6363
6373
6387
6449
6456
6494
6495
6512
6604
6622
6657
6666
6671
6695
6729
6767
6778
6784
6818
6824
6829
6836
6840
6884
6953
6956
6958
6966
6995
6998
7011
7022
7069
7076
7078
7080
7108
7109
7122
7163
7208
7246
7248
7253
7254
7261
7265
7267
7277
7302
7319
7328
7374
7387
7408
7417
7495
7505
7560
7582
7596
7619
7637
7666
7680
7752
7763
7777
7785
7814
7815
7825
7839
7850
7853
7924
7934
7939
7949
7951
7953
7980
8000
8017
8023
8049
8060
8062
8081
8095
8108
8111
8115
8144
8177
8202
8218
8247
8290
8316
8319
8320
8322
8340
8364
8378
8384
8397
8436
8456
8496
8513
8523
8544
8561
8573
8581
8597
8603
8635
8660
8681
8700
8702
8703
8713
8726
8752
8763
8774
8870
8930
8931
8943
8949
8952
8968
8978
8985
8993
9022
9051
9054
9090
9119
9130
9155
9204
9211
9212
9256
9273
9329
9367
9373
